local frames = {
CFrame.new(1.977997,4.580381,5.575989,0.392251,-0.143513,0.908594,0.125424,0.986874,0.101730,-0.911267,0.074056,0.405102),
CFrame.new(2.056870,4.142311,4.857475,0.325542,-0.114378,0.938584,0.149322,0.986419,0.068416,-0.933662,0.117878,0.338200),
CFrame.new(2.148041,3.685198,4.060486,0.250736,-0.092117,0.963663,0.177569,0.982949,0.047759,-0.951631,0.159142,0.262818),
CFrame.new(2.232483,3.219160,3.289536,0.172984,-0.060042,0.983093,0.196933,0.980093,0.025206,-0.965036,0.189243,0.181365),
CFrame.new(2.280487,2.958588,2.865158,0.126601,-0.045227,0.990922,0.204123,0.978769,0.018593,-0.970725,0.199916,0.133145),
CFrame.new(2.354095,2.586664,2.219955,0.064563,-0.021329,0.997686,0.228900,0.973432,0.005998,-0.971307,0.227983,0.067730),
CFrame.new(2.424896,2.303402,1.721527,0.010877,-0.016945,0.999797,0.246902,0.968943,0.013737,-0.968980,0.246702,0.014723),
CFrame.new(2.485596,2.140221,1.399330,-0.026198,-0.025350,0.999336,0.263508,0.964147,0.031365,-0.964302,0.264154,-0.018578),
CFrame.new(2.537033,1.886501,0.957878,-0.068405,-0.007158,0.997632,0.280411,0.959525,0.026112,-0.957440,0.281533,-0.063629),
CFrame.new(2.590485,1.701860,0.611801,-0.104509,-0.003347,0.994519,0.296197,0.954509,0.034338,-0.949392,0.298162,-0.098763),
CFrame.new(2.624832,1.522018,0.306931,-0.134815,0.011741,0.990801,0.308712,0.950659,0.030740,-0.941553,0.310016,-0.131788),
CFrame.new(2.666885,1.316057,-0.051773,-0.168188,0.027889,0.985360,0.322462,0.946160,0.028260,-0.931521,0.322495,-0.168126),
CFrame.new(2.695038,1.145393,-0.325569,-0.197187,0.045369,0.979316,0.335152,0.941862,0.023850,-0.921298,0.332922,-0.200928),
CFrame.new(2.723328,0.958080,-0.617302,-0.229400,0.065839,0.971103,0.348721,0.937037,0.018847,-0.908719,0.342967,-0.237916),
CFrame.new(2.744354,0.795712,-0.858917,-0.258251,0.084722,0.962356,0.359211,0.933148,0.014244,-0.896813,0.349368,-0.271419),
CFrame.new(2.769638,0.670132,-1.076424,-0.277499,0.095516,0.955966,0.367688,0.929846,0.013827,-0.887581,0.355334,-0.293152),
CFrame.new(2.784561,0.532612,-1.272400,-0.303208,0.111752,0.946349,0.373777,0.927462,0.010236,-0.876559,0.356827,-0.322984),
CFrame.new(2.797134,0.407793,-1.448463,-0.327757,0.126151,0.936302,0.376823,0.926258,0.007111,-0.866360,0.355151,-0.351124),
CFrame.new(2.810745,0.282331,-1.630936,-0.352643,0.140415,0.925163,0.379559,0.925158,0.004262,-0.855323,0.352657,-0.379546),
CFrame.new(2.830780,0.181210,-1.805000,-0.367350,0.149419,0.918002,0.386346,0.922343,0.004476,-0.846044,0.356311,-0.396551),
CFrame.new(2.838959,0.090818,-1.935974,-0.386818,0.159665,0.908229,0.387682,0.921788,0.003067,-0.836705,0.353290,-0.418463),
CFrame.new(2.847260,0.011642,-2.060677,-0.404256,0.167360,0.899204,0.390208,0.920718,0.004062,-0.827233,0.352518,-0.437511),
CFrame.new(2.852081,-0.038431,-2.147125,-0.416933,0.171383,0.892633,0.392382,0.919778,0.006680,-0.819880,0.353038,-0.450734),
CFrame.new(2.861557,-0.104031,-2.266663,-0.431032,0.176543,0.884898,0.396017,0.918192,0.009714,-0.810791,0.354621,-0.465684),
CFrame.new(2.869019,-0.154087,-2.363571,-0.442114,0.180111,0.878690,0.399051,0.916839,0.012852,-0.803302,0.356324,-0.477220),
CFrame.new(2.874237,-0.189606,-2.437012,-0.450370,0.182190,0.874056,0.401492,0.915723,0.015999,-0.797478,0.358132,-0.485562),
CFrame.new(2.881485,-0.226740,-2.500916,-0.455447,0.185588,0.870704,0.403908,0.914654,0.016320,-0.793364,0.359116,-0.491537),
CFrame.new(2.885025,-0.253567,-2.558578,-0.461827,0.186884,0.867059,0.406093,0.913626,0.019379,-0.788546,0.361056,-0.497829),
CFrame.new(2.888168,-0.280739,-2.613403,-0.467489,0.188198,0.863734,0.408704,0.912392,0.022408,-0.783847,0.363487,-0.503450),
CFrame.new(2.889893,-0.305882,-2.658745,-0.472225,0.189280,0.860916,0.411446,0.911081,0.025374,-0.779562,0.366203,-0.508114),
CFrame.new(2.890610,-0.330368,-2.699265,-0.476311,0.190869,0.858311,0.414880,0.909445,0.027993,-0.775244,0.369429,-0.512366),
CFrame.new(2.890793,-0.353600,-2.737793,-0.480178,0.193189,0.855633,0.418976,0.907494,0.030229,-0.770642,0.373005,-0.516700),
CFrame.new(2.890030,-0.372917,-2.769531,-0.483277,0.195750,0.853303,0.423465,0.905342,0.032146,-0.766238,0.376879,-0.520424),
CFrame.new(2.893066,-0.388641,-2.796616,-0.485354,0.197222,0.851783,0.424461,0.904868,0.032348,-0.764372,0.377249,-0.522895),
CFrame.new(2.891586,-0.404251,-2.821800,-0.487784,0.199958,0.849755,0.429026,0.902657,0.033867,-0.760265,0.381087,-0.526089),
CFrame.new(2.889618,-0.416689,-2.841110,-0.489712,0.202690,0.847997,0.433491,0.900474,0.035105,-0.756484,0.384791,-0.528837),
CFrame.new(2.887985,-0.429249,-2.860054,-0.491415,0.205534,0.846326,0.437780,0.898360,0.036024,-0.752901,0.388207,-0.531446),
CFrame.new(2.890060,-0.439995,-2.878555,-0.492812,0.206556,0.845264,0.438457,0.898024,0.036184,-0.751593,0.388443,-0.533123),
CFrame.new(2.888504,-0.450747,-2.893593,-0.494123,0.209112,0.843869,0.442233,0.896142,0.036882,-0.748514,0.391411,-0.535280),
CFrame.new(2.887604,-0.461754,-2.908127,-0.495363,0.211304,0.842595,0.445309,0.894593,0.037455,-0.745865,0.393769,-0.537244),
CFrame.new(2.887100,-0.470968,-2.918411,-0.496139,0.212855,0.841747,0.447450,0.893510,0.037789,-0.744066,0.395388,-0.538548),
CFrame.new(2.887741,-0.481373,-2.929398,-0.496965,0.213848,0.841008,0.448484,0.892985,0.037952,-0.742891,0.396040,-0.539690),
CFrame.new(2.888901,-0.487501,-2.939926,-0.497751,0.214436,0.840393,0.448868,0.892787,0.038052,-0.742133,0.396167,-0.540639),
CFrame.new(2.890869,-0.500154,-2.950356,-0.498296,0.215162,0.839885,0.448306,0.893107,0.037180,-0.742107,0.395052,-0.541490),
CFrame.new(2.894135,-0.515465,-2.959877,-0.498382,0.215978,0.839624,0.446128,0.894293,0.034770,-0.743361,0.391909,-0.542054),
CFrame.new(2.898911,-0.533630,-2.971687,-0.498304,0.217074,0.839388,0.443038,0.895956,0.031308,-0.745258,0.387482,-0.542631),
CFrame.new(2.904648,-0.551395,-2.983055,-0.498100,0.218031,0.839261,0.439390,0.897875,0.027519,-0.747551,0.382470,-0.543032),
CFrame.new(2.905289,-0.554634,-2.988609,-0.498514,0.218336,0.838936,0.439594,0.897773,0.027567,-0.747155,0.382534,-0.543532),
CFrame.new(2.911789,-0.570471,-2.999794,-0.498231,0.219206,0.838877,0.436099,0.899580,0.023942,-0.749389,0.377762,-0.543795),
CFrame.new(2.918716,-0.581785,-3.009193,-0.497995,0.219678,0.838894,0.433124,0.901086,0.021152,-0.751269,0.373878,-0.543884),
CFrame.new(2.925919,-0.587332,-3.017540,-0.497801,0.219735,0.838994,0.431195,0.902046,0.019592,-0.752506,0.371523,-0.543788),
CFrame.new(2.926346,-0.589550,-3.021332,-0.498084,0.219942,0.838771,0.431336,0.901978,0.019623,-0.752238,0.371566,-0.544130),
CFrame.new(2.933441,-0.591173,-3.028137,-0.498148,0.219948,0.838732,0.430586,0.902347,0.019108,-0.752625,0.370665,-0.544209),
CFrame.new(2.940033,-0.592426,-3.033775,-0.498070,0.220059,0.838749,0.430264,0.902509,0.018714,-0.752860,0.370204,-0.544197),
CFrame.new(2.945450,-0.593178,-3.037819,-0.497620,0.219974,0.839038,0.429995,0.902644,0.018373,-0.753311,0.369925,-0.543762),
CFrame.new(2.951355,-0.604946,-3.059776,-0.498088,0.220275,0.838682,0.430190,0.902550,0.018437,-0.752891,0.369975,-0.544310),
CFrame.new(2.951355,-0.604946,-3.059776,-0.498088,0.220275,0.838682,0.430190,0.902550,0.018437,-0.752891,0.369975,-0.544310),
CFrame.new(2.952652,-0.604736,-3.060066,-0.496110,0.218412,0.840340,0.428951,0.903138,0.018506,-0.754901,0.369646,-0.541744),
CFrame.new(2.928940,-0.607845,-3.050552,-0.487914,0.213035,0.846496,0.427139,0.903993,0.018695,-0.761244,0.370693,-0.532066),
CFrame.new(2.872421,-0.618193,-3.023468,-0.470733,0.203142,0.858571,0.425020,0.904987,0.018903,-0.773155,0.373808,-0.512347),
CFrame.new(2.804916,-0.637329,-2.981026,-0.448545,0.190549,0.873211,0.422229,0.906287,0.019121,-0.787737,0.377272,-0.486966),
CFrame.new(2.804916,-0.637329,-2.981026,-0.448545,0.190549,0.873211,0.422229,0.906287,0.019121,-0.787737,0.377272,-0.486966),
CFrame.new(2.748367,-0.666801,-2.925461,-0.425622,0.177287,0.887364,0.418378,0.908069,0.019250,-0.802375,0.379447,-0.460668),
CFrame.new(2.724670,-0.708147,-2.858963,-0.406283,0.165521,0.898630,0.413185,0.910447,0.019109,-0.814992,0.379064,-0.438290),
CFrame.new(2.733490,-0.761856,-2.783562,-0.394095,0.156029,0.905729,0.407130,0.913155,0.019840,-0.823975,0.376568,-0.423393),
CFrame.new(2.757339,-0.824133,-2.700401,-0.386853,0.148285,0.910141,0.400893,0.915880,0.021179,-0.830439,0.373062,-0.413757),
CFrame.new(2.792389,-0.890139,-2.610420,-0.381036,0.141788,0.913624,0.394235,0.918750,0.021836,-0.836296,0.368502,-0.405975),
CFrame.new(2.834732,-0.955019,-2.514580,-0.372876,0.136436,0.917796,0.387100,0.921816,0.020234,-0.843278,0.362823,-0.396537),
CFrame.new(2.834732,-0.955019,-2.514580,-0.372876,0.136436,0.917796,0.387100,0.921816,0.020234,-0.843278,0.362823,-0.396537),
CFrame.new(2.880493,-1.013922,-2.413818,-0.358589,0.132128,0.924098,0.379325,0.925143,0.014917,-0.852952,0.355883,-0.381865),
CFrame.new(2.925842,-1.062000,-2.309090,-0.334217,0.128633,0.933677,0.370432,0.928848,0.004631,-0.866648,0.347412,-0.358087),
CFrame.new(2.966843,-1.094404,-2.201332,-0.295524,0.126135,0.946972,0.359864,0.932928,-0.011961,-0.884965,0.337246,-0.321094),
CFrame.new(2.999695,-1.106283,-2.091499,-0.238363,0.124846,0.963118,0.346647,0.937316,-0.035709,-0.907204,0.325350,-0.266698),
CFrame.new(3.026382,-1.104877,-1.974968,-0.154507,0.148503,0.976767,0.305785,0.947284,-0.095651,-0.939480,0.283902,-0.191772),
CFrame.new(3.026382,-1.104877,-1.974968,-0.154507,0.148503,0.976767,0.305785,0.947284,-0.095651,-0.939480,0.283902,-0.191772),
CFrame.new(3.072556,-1.095047,-1.824844,-0.054166,0.194055,0.979494,0.231522,0.956643,-0.176725,-0.971320,0.217202,-0.096746),
CFrame.new(3.169724,-1.068361,-1.608658,0.042603,0.213938,0.975918,0.163876,0.962079,-0.218058,-0.985561,0.169219,0.005928),
CFrame.new(3.336929,-1.007174,-1.304420,0.124299,0.192684,0.973356,0.111847,0.971991,-0.206697,-0.985921,0.134559,0.099266),
CFrame.new(3.543045,-0.916100,-0.931885,0.193259,0.158524,0.968257,0.056862,0.983393,-0.172352,-0.979499,0.088365,0.181036),
CFrame.new(3.744308,-0.820122,-0.521309,0.254894,0.122304,0.959203,0.008240,0.991658,-0.128632,-0.966934,0.040691,0.251760),
CFrame.new(3.897125,-0.744219,-0.102928,0.312873,0.094131,0.945119,-0.026366,0.995554,-0.090426,-0.949429,0.003372,0.313964),
CFrame.new(3.919525,-0.744183,0.642082,0.426753,0.088305,0.900046,-0.033250,0.996081,-0.081962,-0.903756,0.005051,0.428017),
CFrame.new(3.820938,-0.828194,0.942932,0.482337,0.098903,0.870385,-0.011243,0.994223,-0.106744,-0.875914,0.041701,0.480662),
CFrame.new(3.686096,-0.952747,1.200035,0.533714,0.109810,0.838505,0.019213,0.989703,-0.141840,-0.845447,0.091812,0.526109),
CFrame.new(3.404373,-1.272875,1.600937,0.612667,0.118383,0.781425,0.086255,0.972797,-0.215002,-0.785621,0.199126,0.585789),
CFrame.new(3.305771,-1.443144,1.753654,0.635133,0.112498,0.764166,0.115432,0.964402,-0.237917,-0.763728,0.239318,0.599538),
CFrame.new(3.267548,-1.603344,1.880516,0.642957,0.098488,0.759544,0.138065,0.960548,-0.241425,-0.753355,0.260092,0.603993),
CFrame.new(3.271164,-1.739864,1.983337,0.641978,0.079099,0.762632,0.156384,0.960246,-0.231238,-0.750605,0.267713,0.604087),
CFrame.new(3.277908,-1.835268,2.053383,0.639866,0.055227,0.766500,0.176991,0.960010,-0.216920,-0.747827,0.274463,0.604503),
CFrame.new(3.281540,-1.871159,2.079254,0.636237,0.023475,0.771136,0.203544,0.959015,-0.197132,-0.744159,0.282382,0.605383),
CFrame.new(3.281540,-1.871159,2.079254,0.636237,0.023475,0.771136,0.203544,0.959015,-0.197132,-0.744159,0.282382,0.605383),
CFrame.new(3.280975,-1.844622,2.074081,0.630538,-0.016611,0.775980,0.236542,0.956323,-0.171736,-0.739236,0.291838,0.606928),
CFrame.new(3.279953,-1.783716,2.062218,0.623967,-0.053363,0.779627,0.264654,0.953139,-0.146573,-0.735271,0.297788,0.608850),
CFrame.new(3.279953,-1.783716,2.062218,0.623967,-0.053363,0.779627,0.264654,0.953139,-0.146573,-0.735271,0.297788,0.608850),
CFrame.new(3.279404,-1.716509,2.049164,0.620001,-0.072164,0.781275,0.273924,0.953013,-0.129353,-0.735231,0.294209,0.610636),
CFrame.new(3.291000,-1.660883,2.039131,0.618238,-0.077236,0.782187,0.268971,0.955867,-0.118208,-0.738536,0.283466,0.611728),
CFrame.new(3.291000,-1.660883,2.039131,0.618238,-0.077236,0.782187,0.268971,0.955867,-0.118208,-0.738536,0.283466,0.611728),
CFrame.new(3.322800,-1.615341,2.031311,0.616062,-0.082245,0.783392,0.263719,0.958675,-0.106742,-0.742240,0.272355,0.612293),
CFrame.new(3.370346,-1.578873,2.023590,0.613616,-0.087113,0.784784,0.258255,0.961374,-0.095212,-0.746177,0.261098,0.612412),
CFrame.new(3.370346,-1.578873,2.023590,0.613616,-0.087113,0.784784,0.258255,0.961374,-0.095212,-0.746177,0.261098,0.612412),
CFrame.new(3.429062,-1.550472,2.013901,0.610956,-0.091783,0.786326,0.252788,0.963877,-0.083903,-0.750221,0.250035,0.612087),
CFrame.new(3.494553,-1.529129,2.000107,0.608301,-0.096217,0.787853,0.247379,0.966164,-0.073009,-0.754170,0.239310,0.611521),
CFrame.new(3.494553,-1.529129,2.000107,0.608301,-0.096217,0.787853,0.247379,0.966164,-0.073009,-0.754170,0.239310,0.611521),
CFrame.new(3.562286,-1.513836,1.980125,0.605786,-0.100322,0.789277,0.242284,0.968164,-0.062899,-0.757840,0.229333,0.610807),
CFrame.new(3.627747,-1.503584,1.951874,0.603504,-0.103912,0.790560,0.237543,0.969883,-0.053855,-0.761155,0.220294,0.610011),
CFrame.new(3.686508,-1.497368,1.913239,0.601664,-0.106934,0.791559,0.233384,0.971288,-0.046181,-0.763893,0.212522,0.609346),
CFrame.new(3.686508,-1.497366,1.913239,0.601664,-0.106934,0.791559,0.233384,0.971288,-0.046181,-0.763893,0.212522,0.609346),
CFrame.new(3.734024,-1.494175,1.862137,0.600256,-0.109341,0.792298,0.230007,0.972364,-0.040066,-0.766021,0.206284,0.608817),
CFrame.new(3.765823,-1.492998,1.796463,0.599508,-0.111038,0.792629,0.227532,0.973113,-0.035773,-0.767345,0.201795,0.608654),
CFrame.new(3.765823,-1.492998,1.796463,0.599508,-0.111038,0.792629,0.227532,0.973113,-0.035773,-0.767345,0.201795,0.608654),
CFrame.new(3.777420,-1.492830,1.714111,0.599574,-0.111884,0.792460,0.226113,0.973520,-0.033630,-0.767713,0.199349,0.608996),
CFrame.new(3.742615,-1.492857,1.564362,0.600492,-0.111640,0.791799,0.224927,0.973807,-0.033280,-0.767345,0.198081,0.609874),
CFrame.new(3.742615,-1.492857,1.564362,0.600492,-0.111640,0.791799,0.224927,0.973807,-0.033280,-0.767345,0.198081,0.609874),
CFrame.new(3.655594,-1.493044,1.330833,0.602831,-0.108450,0.790464,0.221125,0.974620,-0.034921,-0.766615,0.195843,0.611512),
CFrame.new(3.655594,-1.493042,1.330833,0.602831,-0.108450,0.790464,0.221125,0.974620,-0.034921,-0.766615,0.195843,0.611512),
CFrame.new(3.542480,-1.493553,1.063049,0.607229,-0.099758,0.788239,0.211904,0.976485,-0.039661,-0.765748,0.191114,0.614089),
CFrame.new(3.429337,-1.494543,0.810493,0.614159,-0.082578,0.784850,0.194178,0.979749,-0.048864,-0.764921,0.182411,0.617756),
CFrame.new(3.342331,-1.496176,0.622658,0.623798,-0.054126,0.779709,0.164809,0.984277,-0.063527,-0.764011,0.168132,0.622911),
CFrame.new(3.342331,-1.496178,0.622658,0.623798,-0.054126,0.779709,0.164809,0.984277,-0.063527,-0.764011,0.168132,0.622911),
CFrame.new(3.307510,-1.498613,0.549057,0.635632,-0.011251,0.771910,0.120499,0.989084,-0.084809,-0.762530,0.146922,0.630049),
CFrame.new(3.989243,-1.725864,1.475601,0.646383,0.115333,0.754246,-0.031370,0.991691,-0.124757,-0.762368,0.056980,0.644631),
CFrame.new(3.989243,-1.725864,1.475601,0.646383,0.115333,0.754246,-0.031370,0.991691,-0.124757,-0.762368,0.056980,0.644631),
CFrame.new(5.310837,-2.159323,3.249794,0.622244,0.294776,0.725203,-0.256079,0.952074,-0.167270,-0.739754,-0.081626,0.667908),
CFrame.new(6.187027,-2.435232,4.363358,0.593820,0.381323,0.708499,-0.365957,0.912212,-0.184241,-0.716556,-0.149874,0.681237),
CFrame.new(6.447540,-2.502991,4.613876,0.593820,0.381323,0.708499,-0.365957,0.912212,-0.184241,-0.716556,-0.149874,0.681237),
CFrame.new(6.447540,-2.502991,4.613876,0.593820,0.381323,0.708499,-0.365957,0.912212,-0.184241,-0.716556,-0.149874,0.681237),
CFrame.new(6.650436,-2.555758,4.808968,0.593820,0.381323,0.708499,-0.365957,0.912212,-0.184241,-0.716557,-0.149874,0.681237),
CFrame.new(6.802902,-2.595415,4.955566,0.593820,0.381323,0.708499,-0.365957,0.912212,-0.184241,-0.716557,-0.149874,0.681237),
CFrame.new(6.802902,-2.595417,4.955566,0.593820,0.381323,0.708499,-0.365957,0.912212,-0.184241,-0.716557,-0.149874,0.681237),
CFrame.new(6.912155,-2.623831,5.060616,0.593820,0.381323,0.708499,-0.365957,0.912212,-0.184241,-0.716557,-0.149874,0.681237),
CFrame.new(6.985367,-2.642878,5.131035,0.593820,0.381323,0.708499,-0.365957,0.912212,-0.184241,-0.716557,-0.149874,0.681237),
CFrame.new(7.029800,-2.654432,5.173752,0.593820,0.381323,0.708499,-0.365957,0.912212,-0.184241,-0.716557,-0.149874,0.681237),
CFrame.new(7.029800,-2.654430,5.173752,0.593820,0.381323,0.708499,-0.365957,0.912212,-0.184241,-0.716557,-0.149874,0.681237),
CFrame.new(7.052597,-2.660362,5.195686,0.593820,0.381323,0.708499,-0.365957,0.912212,-0.184241,-0.716557,-0.149874,0.681237),
CFrame.new(7.061005,-2.662550,5.203773,0.593820,0.381323,0.708499,-0.365957,0.912212,-0.184241,-0.716556,-0.149874,0.681237),
CFrame.new(7.062210,-2.662863,5.204918,0.593820,0.381323,0.708499,-0.365957,0.912212,-0.184241,-0.716557,-0.149874,0.681237),
CFrame.new(7.054306,-2.685841,5.195335,0.594668,0.379661,0.708681,-0.352467,0.915362,-0.194624,-0.722591,-0.134050,0.678154),
CFrame.new(7.054306,-2.685841,5.195335,0.594668,0.379661,0.708681,-0.352467,0.915362,-0.194624,-0.722591,-0.134050,0.678154),
CFrame.new(7.031174,-2.712454,5.169281,0.596850,0.375744,0.708933,-0.317738,0.922021,-0.221181,-0.736759,-0.093243,0.669696),
CFrame.new(6.993576,-2.737680,5.130783,0.600221,0.371196,0.708483,-0.270633,0.927793,-0.256822,-0.752657,-0.037589,0.657339),
CFrame.new(6.993576,-2.737684,5.130783,0.600221,0.371196,0.708483,-0.270633,0.927793,-0.256822,-0.752657,-0.037589,0.657339),
CFrame.new(6.942337,-2.756506,5.083862,0.604653,0.367661,0.706555,-0.220766,0.929693,-0.294846,-0.765282,0.022296,0.643309),
CFrame.new(6.878235,-2.763895,5.032578,0.610370,0.366849,0.702047,-0.178839,0.927230,-0.329032,-0.771664,0.075278,0.631560),
CFrame.new(6.802170,-2.763893,4.980309,0.617012,0.367892,0.695666,-0.146495,0.922243,-0.357781,-0.773198,0.118844,0.622929),
CFrame.new(6.715408,-2.763891,4.927994,0.624232,0.368916,0.688647,-0.118250,0.915942,-0.383493,-0.772238,0.157956,0.615385),
CFrame.new(6.619263,-2.763889,4.875900,0.631945,0.369822,0.681085,-0.093927,0.908873,-0.406358,-0.769300,0.192824,0.609095),
CFrame.new(6.515152,-2.763889,4.824326,0.640063,0.370523,0.673077,-0.073159,0.901445,-0.426667,-0.764831,0.223852,0.604089),
CFrame.new(6.288254,-2.763874,4.723877,0.657170,0.371385,0.655898,-0.041599,0.886732,-0.460409,-0.752594,0.275282,0.598183),
CFrame.new(6.168228,-2.763863,4.675568,0.666021,0.371471,0.646858,-0.030100,0.879857,-0.474284,-0.745325,0.296413,0.597185),
CFrame.new(6.045563,-2.763845,4.628922,0.674946,0.371294,0.637643,-0.021120,0.873538,-0.486298,-0.737565,0.314758,0.597433),
CFrame.new(5.921646,-2.763828,4.584221,0.683917,0.370841,0.628279,-0.014358,0.867850,-0.496619,-0.729419,0.330625,0.598862),
CFrame.new(5.797852,-2.763805,4.541756,0.692791,0.370030,0.618966,-0.009421,0.862888,-0.505307,-0.721077,0.344241,0.601287),
CFrame.new(5.675491,-2.763771,4.501816,0.701585,0.368911,0.609658,-0.006101,0.858636,-0.512549,-0.712560,0.355877,0.604657),
CFrame.new(5.555923,-2.763739,4.464684,0.710224,0.367384,0.600509,-0.004027,0.855131,-0.518396,-0.703964,0.365760,0.608814),
CFrame.new(5.440506,-2.763693,4.430641,0.718665,0.365509,0.591543,-0.002967,0.852309,-0.523030,-0.695350,0.374129,0.613609),
CFrame.new(5.330597,-2.763643,4.399979,0.726779,0.363172,0.583008,-0.002559,0.850214,-0.526432,-0.686867,0.381107,0.618847),
CFrame.new(5.330597,-2.763643,4.399979,0.726779,0.363172,0.583008,-0.002559,0.850214,-0.526432,-0.686867,0.381107,0.618847),
CFrame.new(5.227524,-2.763588,4.372993,0.734530,0.360399,0.574959,-0.002611,0.848797,-0.528712,-0.678571,0.386853,0.624409),
CFrame.new(5.132645,-2.763521,4.349960,0.741924,0.357085,0.567485,-0.002749,0.847994,-0.529999,-0.670479,0.391659,0.630128),
CFrame.new(5.047318,-2.763449,4.331177,0.748887,0.353186,0.560739,-0.002684,0.847755,-0.530381,-0.662693,0.395690,0.635820),
CFrame.new(4.972885,-2.763365,4.316910,0.755391,0.348712,0.554782,-0.002237,0.848009,-0.529976,-0.655270,0.399099,0.641359),
CFrame.new(4.972885,-2.763363,4.316910,0.755391,0.348712,0.554782,-0.002237,0.848009,-0.529976,-0.655270,0.399099,0.641359),
CFrame.new(4.910721,-2.763271,4.307465,0.761403,0.343455,0.549822,-0.000974,0.848731,-0.528824,-0.648278,0.402113,0.646561),
CFrame.new(4.862137,-2.763168,4.303123,0.766778,0.337477,0.546041,0.001361,0.849791,-0.527118,-0.641911,0.404925,0.651142),
CFrame.new(4.827133,-2.751862,4.301804,0.771380,0.329262,0.544573,0.002665,0.854064,-0.520162,-0.636369,0.402694,0.657930),
CFrame.new(4.800171,-2.719410,4.301125,0.774869,0.318571,0.545976,0.000696,0.863290,-0.504708,-0.632121,0.391463,0.668715),
CFrame.new(4.800171,-2.719410,4.301125,0.774869,0.318571,0.545976,0.000696,0.863290,-0.504708,-0.632121,0.391463,0.668715),
CFrame.new(4.774307,-2.667692,4.300880,0.777219,0.306911,0.549306,-0.004587,0.875721,-0.482796,-0.629214,0.372719,0.682034),
CFrame.new(4.742645,-2.598585,4.300842,0.778443,0.296162,0.553457,-0.013701,0.889507,-0.456716,-0.627566,0.347944,0.696488),
CFrame.new(4.700485,-2.515162,4.301659,0.778705,0.287586,0.557595,-0.026763,0.903171,-0.428446,-0.626819,0.318710,0.711001),
CFrame.new(4.700485,-2.515162,4.301659,0.778705,0.287586,0.557595,-0.026763,0.903171,-0.428446,-0.626819,0.318710,0.711001),
CFrame.new(4.651871,-2.425238,4.307343,0.778307,0.281259,0.561366,-0.043925,0.916259,-0.398171,-0.626345,0.285242,0.725485),
CFrame.new(4.603134,-2.337830,4.322769,0.777164,0.276770,0.565168,-0.064831,0.928526,-0.365562,-0.625950,0.247461,0.739561),
CFrame.new(4.560532,-2.261951,4.352814,0.775248,0.273560,0.569347,-0.089091,0.939698,-0.330196,-0.625343,0.205260,0.752871),
CFrame.new(4.560532,-2.261951,4.352814,0.775248,0.273560,0.569347,-0.089091,0.939698,-0.330196,-0.625343,0.205260,0.752871),
CFrame.new(4.530334,-2.206615,4.402351,0.772456,0.271154,0.574270,-0.116341,0.949383,-0.291781,-0.624321,0.158577,0.764903),
CFrame.new(4.518890,-2.180840,4.476234,0.768843,0.269047,0.580081,-0.146389,0.957140,-0.249906,-0.622456,0.107221,0.775276),
CFrame.new(4.545883,-2.176176,4.638412,0.764287,0.266701,0.587142,-0.178681,0.962406,-0.204568,-0.619627,0.051438,0.783209),
CFrame.new(4.545883,-2.176174,4.638412,0.764287,0.266701,0.587142,-0.178681,0.962406,-0.204568,-0.619627,0.051438,0.783209),
CFrame.new(4.606018,-2.175507,4.881180,0.758773,0.264526,0.595222,-0.212307,0.964357,-0.157931,-0.615783,-0.006536,0.787889),
CFrame.new(4.667938,-2.174843,5.102043,0.752413,0.263368,0.603748,-0.246284,0.962591,-0.112975,-0.610916,-0.063690,0.789129),
CFrame.new(4.700348,-2.170179,5.198441,0.745179,0.264197,0.612298,-0.279726,0.957328,-0.072639,-0.605361,-0.117147,0.787283),
CFrame.new(4.705765,-2.092525,5.102600,0.737108,0.267519,0.620568,-0.311181,0.949521,-0.039707,-0.599865,-0.163841,0.783146),
CFrame.new(4.708420,-1.932083,4.891754,0.729214,0.271949,0.627926,-0.337674,0.941136,-0.015456,-0.595167,-0.200763,0.778120),
CFrame.new(4.709412,-1.773640,4.680908,0.722603,0.275527,0.633980,-0.355848,0.934544,-0.000561,-0.592636,-0.225195,0.773349),
CFrame.new(4.709412,-1.773640,4.680908,0.722603,0.275527,0.633980,-0.355848,0.934544,-0.000561,-0.592636,-0.225195,0.773349),
CFrame.new(4.709930,-1.701984,4.585068,0.718623,0.276750,0.637958,-0.362500,0.931975,0.004039,-0.593443,-0.234163,0.770060),
CFrame.new(4.710892,-1.705231,4.586586,0.716910,0.275341,0.640490,-0.361052,0.932540,0.003240,-0.596391,-0.233573,0.767960),
CFrame.new(4.712387,-1.714510,4.590866,0.716183,0.272425,0.642546,-0.357178,0.934034,0.002101,-0.599588,-0.231008,0.766244),
CFrame.new(4.714310,-1.729130,4.597496,0.716248,0.268465,0.644139,-0.351331,0.936251,0.000450,-0.602955,-0.226628,0.764909),
CFrame.new(4.716599,-1.748400,4.606033,0.716878,0.263607,0.645443,-0.343789,0.939045,-0.001679,-0.606543,-0.220693,0.763806),
CFrame.new(4.716599,-1.748400,4.606033,0.716878,0.263607,0.645443,-0.343789,0.939045,-0.001679,-0.606543,-0.220693,0.763806),
CFrame.new(4.719147,-1.771626,4.616081,0.718050,0.258144,0.646348,-0.334879,0.942252,-0.004296,-0.610131,-0.213363,0.763031),
CFrame.new(4.721817,-1.798122,4.627205,0.719547,0.252476,0.646922,-0.324948,0.945701,-0.007653,-0.613727,-0.204709,0.762518),
CFrame.new(4.724564,-1.827192,4.639000,0.721241,0.246713,0.647259,-0.314175,0.949292,-0.011752,-0.617338,-0.194876,0.762179),
CFrame.new(4.727249,-1.858070,4.651062,0.722992,0.241149,0.647403,-0.303029,0.952838,-0.016510,-0.620852,-0.184245,0.761969),
CFrame.new(4.727249,-1.858070,4.651062,0.722992,0.241149,0.647403,-0.303029,0.952838,-0.016510,-0.620852,-0.184245,0.761969),
CFrame.new(4.729813,-1.889668,4.663010,0.724783,0.235964,0.647310,-0.291801,0.956229,-0.021849,-0.624132,-0.173051,0.761914),
CFrame.new(4.732254,-1.920824,4.674500,0.726491,0.231202,0.647114,-0.280904,0.959345,-0.027396,-0.627139,-0.161874,0.761901),
CFrame.new(4.734451,-1.950378,4.685181,0.727998,0.226972,0.646918,-0.270692,0.962103,-0.032937,-0.629877,-0.151138,0.761848),
CFrame.new(4.736374,-1.977163,4.694717,0.729335,0.223290,0.646694,-0.261477,0.964457,-0.038116,-0.632219,-0.141296,0.761797),
CFrame.new(4.737961,-2.000023,4.702736,0.730395,0.220270,0.646533,-0.253621,0.966360,-0.042716,-0.634192,-0.132774,0.761689),
CFrame.new(4.737961,-2.000023,4.702736,0.730395,0.220270,0.646533,-0.253621,0.966360,-0.042716,-0.634192,-0.132774,0.761689),
CFrame.new(4.739166,-2.017790,4.708893,0.731134,0.217972,0.646476,-0.247544,0.967768,-0.046342,-0.635740,-0.126149,0.761525),
CFrame.new(4.739944,-2.029303,4.712852,0.731507,0.216516,0.646544,-0.243609,0.968647,-0.048761,-0.636830,-0.121835,0.761317),
CFrame.new(4.740219,-2.033398,4.714249,0.731345,0.215980,0.646905,-0.242203,0.968953,-0.049684,-0.637551,-0.120347,0.760950),
CFrame.new(4.739685,-2.031883,4.712715,0.730292,0.217494,0.647588,-0.244876,0.968312,-0.049060,-0.637738,-0.122751,0.760409),
CFrame.new(4.739685,-2.031883,4.712715,0.730292,0.217494,0.647588,-0.244876,0.968312,-0.049060,-0.637738,-0.122751,0.760409),
CFrame.new(4.738342,-2.027645,4.708382,0.728316,0.221409,0.648486,-0.251745,0.966637,-0.047298,-0.637323,-0.128805,0.759755),
CFrame.new(4.736526,-2.021133,4.701660,0.725830,0.226326,0.649575,-0.260876,0.964346,-0.044498,-0.636486,-0.137161,0.758994),
CFrame.new(4.734543,-2.012806,4.692955,0.723320,0.230942,0.650749,-0.270429,0.961876,-0.040771,-0.635356,-0.146491,0.758197),
CFrame.new(4.734543,-2.012808,4.692955,0.723320,0.230942,0.650749,-0.270429,0.961876,-0.040771,-0.635356,-0.146491,0.758197),
CFrame.new(4.732727,-2.003117,4.682671,0.721382,0.234038,0.651793,-0.278513,0.959744,-0.036366,-0.634066,-0.155299,0.757524),
CFrame.new(4.731384,-1.992517,4.671204,0.720614,0.234264,0.652560,-0.283228,0.958540,-0.031344,-0.632848,-0.162237,0.757088),
CFrame.new(4.730576,-1.981466,4.658958,0.720733,0.232862,0.652931,-0.285391,0.958041,-0.026650,-0.631740,-0.167133,0.756948),
CFrame.new(4.730011,-1.970411,4.646362,0.721318,0.231845,0.652646,-0.286931,0.957673,-0.023080,-0.630373,-0.170616,0.757311),
CFrame.new(4.730011,-1.970411,4.646362,0.721318,0.231845,0.652646,-0.286931,0.957673,-0.023080,-0.630373,-0.170616,0.757311),
CFrame.new(4.729660,-1.959814,4.633789,0.722141,0.231228,0.651955,-0.288119,0.957377,-0.020415,-0.628887,-0.173098,0.757983),
CFrame.new(4.729446,-1.950123,4.621666,0.723105,0.230855,0.651018,-0.288934,0.957170,-0.018490,-0.627404,-0.174731,0.758837),
CFrame.new(4.729309,-1.941795,4.610390,0.724151,0.230595,0.649947,-0.289494,0.957029,-0.017000,-0.625938,-0.175845,0.759790),
CFrame.new(4.729187,-1.935286,4.600372,0.725076,0.230472,0.648959,-0.289905,0.956923,-0.015936,-0.624676,-0.176581,0.760657),
CFrame.new(4.729050,-1.931046,4.591995,0.725762,0.230348,0.648235,-0.290282,0.956824,-0.015005,-0.623703,-0.177281,0.761292),
CFrame.new(4.729050,-1.931046,4.591995,0.725762,0.230348,0.648235,-0.290282,0.956824,-0.015005,-0.623703,-0.177281,0.761292),
CFrame.new(4.728821,-1.929531,4.585701,0.726236,0.230082,0.647799,-0.290606,0.956740,-0.014018,-0.623001,-0.178074,0.761682),
CFrame.new(4.728470,-1.929718,4.581108,0.726472,0.229694,0.647672,-0.291014,0.956633,-0.012844,-0.622535,-0.179151,0.761811),
CFrame.new(4.728012,-1.930212,4.577538,0.726649,0.229177,0.647657,-0.291537,0.956492,-0.011365,-0.622083,-0.180557,0.761847),
CFrame.new(4.727432,-1.930939,4.574852,0.726826,0.228660,0.647641,-0.292059,0.956349,-0.009886,-0.621631,-0.181964,0.761882),
CFrame.new(4.726761,-1.931791,4.572929,0.726944,0.228105,0.647704,-0.292609,0.956196,-0.008341,-0.621234,-0.183461,0.761846),
CFrame.new(4.726761,-1.931791,4.572929,0.726944,0.228105,0.647704,-0.292609,0.956196,-0.008341,-0.621234,-0.183461,0.761846),
CFrame.new(4.726044,-1.932690,4.571640,0.727003,0.227541,0.647836,-0.293158,0.956040,-0.006809,-0.620906,-0.184968,0.761749),
CFrame.new(4.725281,-1.933544,4.570854,0.727086,0.226989,0.647936,-0.293542,0.955930,-0.005487,-0.620627,-0.186207,0.761675),
CFrame.new(4.724487,-1.934263,4.570457,0.727086,0.226597,0.648073,-0.293917,0.955821,-0.004449,-0.620450,-0.187245,0.761565),
CFrame.new(4.723709,-1.934761,4.570305,0.727170,0.226256,0.648099,-0.294099,0.955768,-0.003686,-0.620266,-0.187925,0.761547),
CFrame.new(4.722946,-1.934950,4.570282,0.727170,0.226166,0.648131,-0.294185,0.955742,-0.003446,-0.620225,-0.188164,0.761521),
CFrame.new(4.722946,-1.934946,4.570282,0.727170,0.226166,0.648131,-0.294185,0.955742,-0.003446,-0.620225,-0.188164,0.761521),
CFrame.new(4.722229,-1.934668,4.570442,0.727194,0.226118,0.648120,-0.294078,0.955775,-0.003496,-0.620248,-0.188056,0.761530),
CFrame.new(4.721542,-1.933882,4.570892,0.727218,0.226039,0.648120,-0.294000,0.955799,-0.003466,-0.620256,-0.188027,0.761530),
CFrame.new(4.720901,-1.932674,4.571594,0.727266,0.225943,0.648100,-0.293786,0.955865,-0.003565,-0.620301,-0.187809,0.761547),
CFrame.new(4.720306,-1.931131,4.572502,0.727256,0.225808,0.648159,-0.293600,0.955922,-0.003599,-0.620402,-0.187682,0.761497),
CFrame.new(4.719757,-1.929337,4.573570,0.727304,0.225712,0.648138,-0.293386,0.955987,-0.003698,-0.620446,-0.187465,0.761514),
CFrame.new(4.719254,-1.927370,4.574768,0.727352,0.225646,0.648107,-0.293143,0.956061,-0.003877,-0.620505,-0.187168,0.761539),
CFrame.new(4.719254,-1.927372,4.574768,0.727352,0.225645,0.648107,-0.293143,0.956061,-0.003877,-0.620505,-0.187168,0.761539),
CFrame.new(4.718811,-1.925323,4.576050,0.727425,0.225501,0.648076,-0.292821,0.956159,-0.004027,-0.620572,-0.186841,0.761565),
CFrame.new(4.718811,-1.925323,4.576050,0.727425,0.225501,0.648076,-0.292821,0.956159,-0.004027,-0.620572,-0.186841,0.761565),
CFrame.new(4.718430,-1.923275,4.577354,0.727497,0.225357,0.648045,-0.292500,0.956257,-0.004176,-0.620639,-0.186515,0.761590),
CFrame.new(4.718094,-1.921310,4.578659,0.727569,0.225212,0.648014,-0.292178,0.956354,-0.004325,-0.620705,-0.186189,0.761616),
CFrame.new(4.717804,-1.919516,4.579918,0.727665,0.225019,0.647973,-0.291749,0.956484,-0.004524,-0.620794,-0.185754,0.761650),
CFrame.new(4.717804,-1.919516,4.579918,0.727665,0.225019,0.647973,-0.291749,0.956484,-0.004524,-0.620794,-0.185754,0.761650),
CFrame.new(4.717590,-1.917971,4.581085,0.727737,0.224905,0.647932,-0.291399,0.956590,-0.004753,-0.620874,-0.185348,0.761683),
CFrame.new(4.717422,-1.916765,4.582115,0.727833,0.224682,0.647902,-0.290999,0.956711,-0.004873,-0.620949,-0.184992,0.761708),
CFrame.new(4.717331,-1.915979,4.582977,0.727905,0.224568,0.647861,-0.290648,0.956816,-0.005102,-0.621029,-0.184586,0.761742),
CFrame.new(4.717285,-1.915699,4.583626,0.728001,0.224375,0.647820,-0.290220,0.956945,-0.005301,-0.621117,-0.184151,0.761775),
CFrame.new(4.717285,-1.915802,4.584099,0.728097,0.224182,0.647779,-0.289791,0.957074,-0.005500,-0.621206,-0.183716,0.761808),
CFrame.new(4.717285,-1.915802,4.584099,0.728097,0.224182,0.647779,-0.289791,0.957074,-0.005500,-0.621206,-0.183716,0.761808),
CFrame.new(4.717285,-1.916092,4.584526,0.728168,0.224067,0.647738,-0.289440,0.957179,-0.005729,-0.621285,-0.183309,0.761842),
CFrame.new(4.717300,-1.916540,4.584892,0.728264,0.223874,0.647698,-0.289011,0.957307,-0.005929,-0.621373,-0.182874,0.761874),
CFrame.new(4.717300,-1.917118,4.585197,0.728335,0.223759,0.647657,-0.288660,0.957412,-0.006158,-0.621452,-0.182468,0.761907),
CFrame.new(4.717285,-1.917793,4.585449,0.728430,0.223566,0.647616,-0.288231,0.957540,-0.006357,-0.621540,-0.182032,0.761940),
CFrame.new(4.717300,-1.918545,4.585663,0.728502,0.223452,0.647576,-0.287881,0.957644,-0.006587,-0.621619,-0.181626,0.761973),
CFrame.new(4.717300,-1.919338,4.585823,0.728573,0.223307,0.647546,-0.287559,0.957739,-0.006736,-0.621684,-0.181300,0.761997),
CFrame.new(4.717300,-1.919338,4.585823,0.728573,0.223307,0.647546,-0.287559,0.957739,-0.006736,-0.621684,-0.181300,0.761997),
CFrame.new(4.717316,-1.920938,4.586052,0.728692,0.223096,0.647485,-0.286993,0.957906,-0.007066,-0.621806,-0.180675,0.762046),
CFrame.new(4.717331,-1.921688,4.586121,0.728739,0.222999,0.647465,-0.286779,0.957970,-0.007165,-0.621850,-0.180458,0.762062),
CFrame.new(4.717331,-1.922365,4.586166,0.728787,0.222902,0.647445,-0.286564,0.958034,-0.007265,-0.621893,-0.180240,0.762078),
CFrame.new(4.717316,-1.922943,4.586205,0.728810,0.222884,0.647424,-0.286428,0.958073,-0.007395,-0.621928,-0.180051,0.762094),
CFrame.new(4.717331,-1.923391,4.586212,0.728834,0.222836,0.647414,-0.286321,0.958105,-0.007445,-0.621950,-0.179942,0.762102),
CFrame.new(4.717331,-1.923391,4.586212,0.728834,0.222836,0.647414,-0.286321,0.958105,-0.007445,-0.621950,-0.179942,0.762102),
CFrame.new(4.717331,-1.923681,4.586212,0.728858,0.222787,0.647404,-0.286213,0.958137,-0.007495,-0.621971,-0.179833,0.762110),
CFrame.new(4.717331,-1.923784,4.586212,0.728858,0.222817,0.647394,-0.286184,0.958145,-0.007574,-0.621985,-0.179753,0.762118),
CFrame.new(4.717331,-1.923784,4.586212,0.728858,0.222817,0.647394,-0.286184,0.958145,-0.007574,-0.621985,-0.179753,0.762118),
CFrame.new(4.717331,-1.923784,4.586212,0.728858,0.222817,0.647394,-0.286184,0.958145,-0.007574,-0.621985,-0.179753,0.762118),
CFrame.new(4.717331,-1.923784,4.586212,0.728858,0.222817,0.647394,-0.286184,0.958145,-0.007574,-0.621985,-0.179753,0.762118),
CFrame.new(4.717331,-1.923786,4.586212,0.728858,0.222818,0.647394,-0.286184,0.958145,-0.007574,-0.621985,-0.179753,0.762118),
CFrame.new(4.717331,-1.923784,4.586212,0.728858,0.222818,0.647394,-0.286184,0.958145,-0.007574,-0.621985,-0.179753,0.762118),
CFrame.new(4.717331,-1.923784,4.586212,0.728858,0.222818,0.647394,-0.286184,0.958145,-0.007574,-0.621985,-0.179753,0.762118),
CFrame.new(4.717331,-1.923784,4.586212,0.728858,0.222818,0.647394,-0.286184,0.958145,-0.007574,-0.621985,-0.179753,0.762118),
CFrame.new(4.717331,-1.923782,4.586212,0.728858,0.222818,0.647394,-0.286184,0.958145,-0.007574,-0.621985,-0.179753,0.762118),
CFrame.new(4.717331,-1.923786,4.586212,0.728858,0.222817,0.647394,-0.286184,0.958145,-0.007574,-0.621985,-0.179753,0.762118),
CFrame.new(4.717331,-1.923782,4.586212,0.728858,0.222817,0.647394,-0.286184,0.958145,-0.007574,-0.621985,-0.179753,0.762118),
CFrame.new(4.717331,-1.923784,4.586212,0.728858,0.222818,0.647394,-0.286184,0.958145,-0.007574,-0.621985,-0.179753,0.762118),
CFrame.new(4.717331,-1.923784,4.586212,0.728858,0.222817,0.647394,-0.286184,0.958145,-0.007574,-0.621985,-0.179753,0.762118),
CFrame.new(4.717331,-1.923784,4.586212,0.728858,0.222817,0.647394,-0.286184,0.958145,-0.007574,-0.621985,-0.179753,0.762118),
CFrame.new(4.717331,-1.923784,4.586212,0.728858,0.222817,0.647394,-0.286184,0.958145,-0.007574,-0.621985,-0.179753,0.762118),
CFrame.new(4.717331,-1.923784,4.586212,0.728858,0.222817,0.647394,-0.286184,0.958145,-0.007574,-0.621985,-0.179753,0.762118),
CFrame.new(4.717331,-1.923784,4.586212,0.728858,0.222817,0.647394,-0.286184,0.958145,-0.007574,-0.621985,-0.179753,0.762118),
CFrame.new(2.802444,0.224251,-1.828712,-0.792630,0.004064,0.609690,0.125227,0.979744,0.156271,-0.596705,0.200215,-0.777083),
CFrame.new(2.802444,0.224249,-1.828712,-0.792630,0.004064,0.609690,0.125227,0.979744,0.156271,-0.596705,0.200215,-0.777083),
CFrame.new(2.802444,0.224251,-1.828712,-0.792630,0.004064,0.609690,0.125227,0.979744,0.156271,-0.596705,0.200215,-0.777083),
CFrame.new(2.802444,0.224249,-1.828712,-0.792630,0.004064,0.609690,0.125227,0.979744,0.156271,-0.596705,0.200215,-0.777083),
CFrame.new(2.802444,0.224249,-1.828712,-0.792630,0.004064,0.609690,0.125227,0.979744,0.156271,-0.596705,0.200215,-0.777083),
CFrame.new(2.802444,0.224249,-1.828712,-0.792630,0.004064,0.609690,0.125227,0.979744,0.156271,-0.596705,0.200215,-0.777083),
CFrame.new(2.802444,0.224249,-1.828712,-0.792630,0.004064,0.609690,0.125227,0.979744,0.156271,-0.596705,0.200215,-0.777083),
CFrame.new(2.802444,0.224249,-1.828712,-0.792630,0.004064,0.609690,0.125227,0.979744,0.156271,-0.596705,0.200215,-0.777083),
CFrame.new(2.802444,0.224249,-1.828712,-0.792630,0.004064,0.609690,0.125227,0.979744,0.156271,-0.596705,0.200215,-0.777083),
CFrame.new(2.802444,0.224249,-1.828712,-0.792630,0.004064,0.609690,0.125227,0.979744,0.156271,-0.596705,0.200215,-0.777083),
CFrame.new(2.802444,0.224249,-1.828712,-0.792630,0.004064,0.609690,0.125227,0.979744,0.156271,-0.596705,0.200215,-0.777083),
CFrame.new(2.802444,0.224249,-1.828712,-0.792630,0.004064,0.609690,0.125227,0.979744,0.156271,-0.596705,0.200215,-0.777083),
CFrame.new(2.802444,0.224249,-1.828712,-0.792630,0.004064,0.609690,0.125227,0.979744,0.156271,-0.596705,0.200215,-0.777083),
CFrame.new(2.802444,0.224249,-1.828712,-0.792630,0.004064,0.609690,0.125227,0.979744,0.156271,-0.596705,0.200215,-0.777083),
CFrame.new(2.802444,0.224249,-1.828712,-0.792630,0.004064,0.609690,0.125227,0.979744,0.156271,-0.596705,0.200215,-0.777083),
CFrame.new(2.802444,0.224249,-1.828712,-0.792630,0.004064,0.609690,0.125227,0.979744,0.156271,-0.596705,0.200215,-0.777083),
CFrame.new(2.802444,0.224249,-1.828712,-0.792630,0.004064,0.609690,0.125227,0.979744,0.156271,-0.596705,0.200215,-0.777083),
CFrame.new(2.802444,0.224249,-1.828712,-0.792630,0.004064,0.609690,0.125227,0.979744,0.156271,-0.596705,0.200215,-0.777083),
CFrame.new(2.802444,0.224249,-1.828712,-0.792630,0.004064,0.609690,0.125227,0.979744,0.156271,-0.596705,0.200215,-0.777083),
CFrame.new(2.802444,0.224251,-1.828712,-0.792630,0.004064,0.609690,0.125227,0.979744,0.156271,-0.596705,0.200215,-0.777083),
CFrame.new(2.802444,0.224249,-1.828712,-0.792630,0.004064,0.609690,0.125227,0.979744,0.156271,-0.596705,0.200215,-0.777083),
CFrame.new(2.802444,0.224249,-1.828712,-0.792630,0.004064,0.609690,0.125227,0.979744,0.156271,-0.596705,0.200215,-0.777083),
CFrame.new(2.802444,0.224249,-1.828712,-0.792630,0.004064,0.609690,0.125227,0.979744,0.156271,-0.596705,0.200215,-0.777083),
CFrame.new(2.802444,0.224249,-1.828712,-0.792630,0.004064,0.609690,0.125227,0.979744,0.156271,-0.596705,0.200215,-0.777083),
CFrame.new(2.802444,0.224249,-1.828712,-0.792630,0.004064,0.609690,0.125227,0.979744,0.156271,-0.596705,0.200215,-0.777083),
CFrame.new(2.802444,0.224247,-1.828712,-0.792630,0.004064,0.609690,0.125227,0.979744,0.156271,-0.596705,0.200215,-0.777083),
CFrame.new(2.802444,0.224247,-1.828712,-0.792630,0.004064,0.609690,0.125227,0.979744,0.156271,-0.596705,0.200215,-0.777083),
CFrame.new(2.802444,0.224249,-1.828712,-0.792630,0.004064,0.609690,0.125227,0.979744,0.156271,-0.596705,0.200215,-0.777083),
CFrame.new(2.802444,0.224249,-1.828712,-0.792630,0.004064,0.609690,0.125227,0.979744,0.156271,-0.596705,0.200215,-0.777083),
CFrame.new(2.802444,0.224249,-1.828712,-0.792630,0.004064,0.609690,0.125227,0.979744,0.156271,-0.596705,0.200215,-0.777083),
CFrame.new(2.802444,0.224249,-1.828712,-0.792630,0.004064,0.609690,0.125227,0.979744,0.156271,-0.596705,0.200215,-0.777083),
CFrame.new(2.802444,0.224249,-1.828712,-0.792630,0.004064,0.609690,0.125227,0.979744,0.156271,-0.596705,0.200215,-0.777083),
CFrame.new(2.802444,0.224249,-1.828712,-0.792630,0.004064,0.609690,0.125227,0.979744,0.156271,-0.596705,0.200215,-0.777083),
CFrame.new(2.802444,0.224249,-1.828712,-0.792630,0.004064,0.609690,0.125227,0.979744,0.156271,-0.596705,0.200215,-0.777083),
CFrame.new(2.802444,0.224249,-1.828712,-0.792630,0.004064,0.609690,0.125227,0.979744,0.156271,-0.596705,0.200215,-0.777083),
CFrame.new(2.802444,0.224249,-1.828712,-0.792630,0.004064,0.609690,0.125227,0.979744,0.156271,-0.596705,0.200215,-0.777083),
CFrame.new(2.802444,0.224249,-1.828712,-0.792630,0.004064,0.609690,0.125227,0.979744,0.156271,-0.596705,0.200215,-0.777083),
CFrame.new(2.802444,0.224249,-1.828712,-0.792630,0.004064,0.609690,0.125227,0.979744,0.156271,-0.596705,0.200215,-0.777083),
CFrame.new(2.802444,0.224249,-1.828712,-0.792630,0.004064,0.609690,0.125227,0.979744,0.156271,-0.596705,0.200215,-0.777083),
CFrame.new(2.802444,0.224249,-1.828712,-0.792630,0.004064,0.609690,0.125227,0.979744,0.156271,-0.596705,0.200215,-0.777083),
CFrame.new(2.802444,0.224249,-1.828712,-0.792630,0.004064,0.609690,0.125227,0.979744,0.156271,-0.596705,0.200215,-0.777083),
CFrame.new(2.802444,0.224249,-1.828712,-0.792630,0.004064,0.609690,0.125227,0.979744,0.156271,-0.596705,0.200215,-0.777083),
CFrame.new(2.802444,0.224249,-1.828712,-0.792630,0.004064,0.609690,0.125227,0.979744,0.156271,-0.596705,0.200215,-0.777083),
CFrame.new(2.802444,0.224249,-1.828712,-0.792630,0.004064,0.609690,0.125227,0.979744,0.156271,-0.596705,0.200215,-0.777083),
CFrame.new(2.802444,0.224249,-1.828712,-0.792630,0.004064,0.609690,0.125227,0.979744,0.156271,-0.596705,0.200215,-0.777083),
CFrame.new(2.802872,0.224297,-1.840332,-0.792574,0.004111,0.609761,0.125180,0.979776,0.156105,-0.596788,0.200054,-0.777060),
CFrame.new(2.802872,0.224297,-1.840332,-0.792574,0.004111,0.609761,0.125180,0.979776,0.156105,-0.596788,0.200054,-0.777060),
CFrame.new(2.805695,0.224428,-1.873962,-0.792359,0.004161,0.610041,0.124963,0.979880,0.155627,-0.597119,0.199545,-0.776937),
CFrame.new(2.813400,0.224598,-1.927818,-0.791640,0.004378,0.610973,0.124727,0.980075,0.154586,-0.598122,0.198581,-0.776412),
CFrame.new(2.828430,0.224781,-2.000092,-0.790320,0.004446,0.612679,0.124294,0.980344,0.153218,-0.599955,0.197243,-0.775338),
CFrame.new(2.853195,0.224951,-2.088982,-0.788102,0.004544,0.615528,0.123805,0.980708,0.151276,-0.602966,0.195426,-0.773460),
CFrame.new(2.853195,0.224951,-2.088982,-0.788102,0.004544,0.615528,0.123805,0.980708,0.151276,-0.602966,0.195426,-0.773460),
CFrame.new(2.890106,0.225073,-2.192673,-0.784759,0.004449,0.619786,0.123144,0.981158,0.148878,-0.607445,0.193156,-0.770520),
CFrame.new(2.941635,0.225119,-2.309372,-0.780092,0.004176,0.625651,0.122294,0.981707,0.145929,-0.613596,0.190352,-0.766333),
CFrame.new(3.010223,0.225065,-2.437263,-0.773765,0.003805,0.633461,0.121327,0.982360,0.142299,-0.621745,0.186962,-0.760577),
CFrame.new(3.098251,0.224884,-2.574539,-0.765478,0.003213,0.643454,0.120195,0.983101,0.138081,-0.632136,0.183038,-0.752928),
CFrame.new(3.098251,0.224884,-2.574539,-0.765478,0.003213,0.643454,0.120195,0.983101,0.138081,-0.632136,0.183038,-0.752928),
CFrame.new(3.208237,0.224554,-2.719398,-0.754954,0.002380,0.655774,0.118751,0.983957,0.133139,-0.644937,0.178387,-0.743125),
CFrame.new(3.342545,0.224150,-2.870033,-0.741743,0.001275,0.670684,0.117018,0.984906,0.127543,-0.660398,0.173086,-0.730696),
CFrame.new(3.534149,0.223892,-3.024139,-0.722224,-0.000844,0.691659,0.114828,0.985976,0.121106,-0.682061,0.166888,-0.711998),
CFrame.new(3.534149,0.223892,-3.024139,-0.722224,-0.000844,0.691659,0.114828,0.985976,0.121106,-0.682061,0.166888,-0.711998),
CFrame.new(3.811600,0.224272,-3.177505,-0.693736,-0.004265,0.720217,0.111947,0.987191,0.113676,-0.711476,0.159487,-0.684372),
CFrame.new(4.170761,0.225870,-3.325439,-0.657190,-0.008393,0.753678,0.108355,0.988499,0.105491,-0.745896,0.150992,-0.648723),
CFrame.new(4.607483,0.229263,-3.463211,-0.614044,-0.012866,0.789167,0.103811,0.989864,0.096912,-0.782415,0.141432,-0.606484),
CFrame.new(4.607483,0.229259,-3.463211,-0.614044,-0.012866,0.789167,0.103810,0.989864,0.096912,-0.782415,0.141432,-0.606484),
CFrame.new(5.117599,0.234983,-3.586151,-0.565890,-0.016997,0.824305,0.098524,0.991229,0.088076,-0.818573,0.131055,-0.559253),
CFrame.new(5.696960,0.243027,-3.689476,-0.515110,-0.020292,0.856884,0.092413,0.992577,0.079059,-0.852128,0.119911,-0.509411),
CFrame.new(6.343811,0.254873,-3.776169,-0.463880,-0.022510,0.885612,0.085756,0.993841,0.070180,-0.881738,0.108501,-0.459092),
CFrame.new(6.343811,0.254873,-3.776169,-0.463880,-0.022510,0.885612,0.085756,0.993841,0.070180,-0.881738,0.108501,-0.459092),
CFrame.new(7.065811,0.272650,-3.853691,-0.412934,-0.023712,0.910452,0.078477,0.995017,0.061507,-0.907374,0.096848,-0.409016),
CFrame.new(7.873032,0.296967,-3.923851,-0.362949,-0.023805,0.931505,0.070776,0.996081,0.053032,-0.929117,0.085176,-0.359842),
CFrame.new(8.775558,0.328485,-3.988380,-0.314229,-0.023103,0.949066,0.062808,0.997008,0.045065,-0.947267,0.073770,-0.311838),
CFrame.new(8.775558,0.328485,-3.988380,-0.314229,-0.023103,0.949066,0.062808,0.997008,0.045065,-0.947267,0.073770,-0.311838),
CFrame.new(9.783401,0.367884,-4.048897,-0.267347,-0.021655,0.963357,0.054613,0.997800,0.037586,-0.962052,0.062660,-0.265576),
CFrame.new(10.898941,0.415213,-4.086464,-0.222446,-0.019622,0.974748,0.046467,0.998448,0.030703,-0.973837,0.052123,-0.221189),
CFrame.new(10.898941,0.415213,-4.086464,-0.222446,-0.019622,0.974748,0.046467,0.998448,0.030703,-0.973837,0.052123,-0.221189),
CFrame.new(12.093658,0.467945,-4.084076,-0.180284,-0.017068,0.983467,0.038413,0.998965,0.024379,-0.982864,0.042173,-0.179441),
CFrame.new(12.093658,0.467945,-4.084076,-0.180284,-0.017068,0.983467,0.038413,0.998965,0.024379,-0.982864,0.042173,-0.179441),
CFrame.new(13.331360,0.522758,-4.045982,-0.141410,-0.014360,0.989847,0.030659,0.999352,0.018878,-0.989476,0.033017,-0.140877),
CFrame.new(14.575821,0.576551,-3.976395,-0.106242,-0.011393,0.994275,0.023461,0.999627,0.013961,-0.994063,0.024810,-0.105935),
CFrame.new(14.575821,0.576550,-3.976395,-0.106242,-0.011393,0.994275,0.023461,0.999627,0.013961,-0.994063,0.024809,-0.105935),
CFrame.new(15.790833,0.626646,-3.879555,-0.075413,-0.008437,0.997117,0.016918,0.999809,0.009739,-0.997009,0.017604,-0.075256),
CFrame.new(15.790833,0.626646,-3.879555,-0.075413,-0.008437,0.997117,0.016918,0.999809,0.009739,-0.997009,0.017604,-0.075256),
CFrame.new(16.940186,0.670446,-3.759682,-0.049299,-0.005760,0.998767,0.011262,0.999917,0.006322,-0.998721,0.011559,-0.049230),
CFrame.new(17.987656,0.705488,-3.621002,-0.028360,-0.003446,0.999592,0.006541,0.999972,0.003633,-0.999576,0.006642,-0.028337),
CFrame.new(17.987656,0.705488,-3.621002,-0.028360,-0.003446,0.999592,0.006541,0.999972,0.003633,-0.999576,0.006642,-0.028337),
CFrame.new(18.897049,0.729433,-3.467804,-0.012898,-0.001629,0.999915,0.002980,0.999994,0.001667,-0.999912,0.003001,-0.012893),
CFrame.new(19.632126,0.739996,-3.304367,-0.003294,-0.000426,0.999995,0.000793,1.000000,0.000429,-0.999994,0.000794,-0.003293),
CFrame.new(19.632126,0.739998,-3.304367,-0.003294,-0.000426,0.999995,0.000793,1.000000,0.000429,-0.999994,0.000794,-0.003293),
CFrame.new(20.156693,0.735044,-3.135063,0.000000,0.000000,1.000000,-0.000000,1.000000,-0.000000,-1.000000,-0.000000,0.000000),
CFrame.new(20.540451,0.718599,-2.959129,0.000000,0.000000,1.000000,-0.000000,1.000000,-0.000000,-1.000000,-0.000000,0.000000),
CFrame.new(20.540451,0.718601,-2.959129,0.000000,0.000000,1.000000,-0.000000,1.000000,-0.000000,-1.000000,-0.000000,0.000000),
CFrame.new(20.879105,0.697546,-2.771561,0.000000,0.000000,1.000000,-0.000000,1.000000,-0.000000,-1.000000,-0.000000,0.000000),
CFrame.new(20.879105,0.697544,-2.771561,0.000000,0.000000,1.000000,-0.000000,1.000000,-0.000000,-1.000000,-0.000000,0.000000),
CFrame.new(21.175507,0.680231,-2.583160,0.000000,0.000000,1.000000,-0.000000,1.000000,-0.000000,-1.000000,-0.000000,0.000000),
CFrame.new(21.432449,0.671965,-2.405952,0.000000,0.000000,1.000000,-0.000000,1.000000,-0.000000,-1.000000,-0.000000,0.000000),
CFrame.new(21.432449,0.671963,-2.405952,0.000000,0.000000,1.000000,-0.000000,1.000000,-0.000000,-1.000000,-0.000000,0.000000),
CFrame.new(21.652740,0.669853,-2.239845,0.000000,0.000000,1.000000,-0.000000,1.000000,-0.000000,-1.000000,-0.000000,0.000000),
CFrame.new(21.652740,0.669853,-2.239845,0.000000,0.000000,1.000000,-0.000000,1.000000,-0.000000,-1.000000,-0.000000,0.000000),
CFrame.new(21.839218,0.670351,-2.084618,0.000000,-0.000000,1.000000,0.000000,1.000000,0.000000,-1.000000,0.000000,0.000000),
CFrame.new(21.994690,0.669281,-1.939888,0.000000,-0.000000,1.000000,0.000000,1.000000,0.000000,-1.000000,0.000000,0.000000),
CFrame.new(21.994690,0.669281,-1.939888,0.000000,-0.000000,1.000000,0.000000,1.000000,0.000000,-1.000000,0.000000,0.000000),
CFrame.new(22.121979,0.661953,-1.805161,0.000000,-0.000000,1.000000,0.000000,1.000000,0.000000,-1.000000,0.000000,0.000000),
CFrame.new(22.223923,0.643230,-1.679810,0.000000,-0.000000,1.000000,0.000000,1.000000,0.000000,-1.000000,0.000000,0.000000),
CFrame.new(22.223923,0.643232,-1.679810,0.000000,-0.000000,1.000000,0.000000,1.000000,0.000000,-1.000000,0.000000,0.000000),
CFrame.new(22.303299,0.607592,-1.567665,0.000000,-0.000000,1.000000,0.000000,1.000000,0.000000,-1.000000,0.000000,0.000000),
CFrame.new(22.362946,0.509178,-1.438240,0.000000,-0.000000,1.000000,0.000000,1.000000,0.000000,-1.000000,0.000000,0.000000),
CFrame.new(22.362946,0.509178,-1.438240,0.000000,-0.000000,1.000000,0.000000,1.000000,0.000000,-1.000000,0.000000,0.000000),
CFrame.new(22.405685,0.468477,-1.424561,0.000000,0.000000,1.000000,-0.000000,1.000000,-0.000000,-1.000000,-0.000000,0.000000),
CFrame.new(22.434341,0.436499,-1.423164,0.000000,0.000000,1.000000,-0.000000,1.000000,-0.000000,-1.000000,-0.000000,0.000000),
CFrame.new(22.434341,0.436499,-1.423164,0.000000,0.000000,1.000000,-0.000000,1.000000,-0.000000,-1.000000,-0.000000,0.000000),
CFrame.new(22.451736,0.413162,-1.431633,0.000000,0.000000,1.000000,-0.000000,1.000000,-0.000000,-1.000000,-0.000000,0.000000),
CFrame.new(22.451736,0.413164,-1.431633,0.000000,0.000000,1.000000,-0.000000,1.000000,-0.000000,-1.000000,-0.000000,0.000000),
CFrame.new(22.460648,0.398308,-1.447334,0.000000,0.000000,1.000000,-0.000000,1.000000,-0.000000,-1.000000,-0.000000,0.000000),
CFrame.new(22.463928,0.391695,-1.467537,0.000000,0.000000,1.000000,-0.000000,1.000000,-0.000000,-1.000000,-0.000000,0.000000),
CFrame.new(22.463928,0.391695,-1.467537,0.000000,0.000000,1.000000,-0.000000,1.000000,-0.000000,-1.000000,-0.000000,0.000000),
CFrame.new(22.464417,0.393051,-1.489464,0.000000,0.000000,1.000000,-0.000000,1.000000,-0.000000,-1.000000,-0.000000,0.000000),
CFrame.new(22.464401,0.397123,-1.510216,0.000000,0.000000,1.000000,-0.000000,1.000000,-0.000000,-1.000000,-0.000000,0.000000),
CFrame.new(22.464401,0.397123,-1.510216,0.000000,0.000000,1.000000,-0.000000,1.000000,-0.000000,-1.000000,-0.000000,0.000000),
CFrame.new(22.464401,0.397947,-1.527458,0.000000,0.000000,1.000000,-0.000000,1.000000,-0.000000,-1.000000,-0.000000,0.000000),
CFrame.new(22.464417,0.391836,-1.542427,0.000000,-0.000000,1.000000,0.000000,1.000000,0.000000,-1.000000,0.000000,0.000000),
CFrame.new(22.464401,0.381897,-1.552780,0.000000,-0.000000,1.000000,0.000000,1.000000,0.000000,-1.000000,0.000000,0.000000),
CFrame.new(22.464401,0.381897,-1.552780,0.000000,-0.000000,1.000000,0.000000,1.000000,0.000000,-1.000000,0.000000,0.000000),
CFrame.new(22.464401,0.396124,-1.528008,0.000000,-0.000000,1.000000,0.000000,1.000000,0.000000,-1.000000,0.000000,0.000000),
CFrame.new(22.464401,0.442350,-1.398079,0.000000,-0.000000,1.000000,0.000000,1.000000,0.000000,-1.000000,0.000000,0.000000),
CFrame.new(22.464401,0.490690,-1.250320,0.000000,-0.000000,1.000000,0.000000,1.000000,0.000000,-1.000000,0.000000,0.000000),
CFrame.new(22.464401,0.490690,-1.250320,0.000000,-0.000000,1.000000,0.000000,1.000000,0.000000,-1.000000,0.000000,0.000000),
CFrame.new(22.464417,0.527126,-1.173225,0.000000,0.000000,1.000000,-0.000000,1.000000,-0.000000,-1.000000,-0.000000,0.000000),
CFrame.new(22.464401,0.550798,-1.120384,0.000000,0.000000,1.000000,-0.000000,1.000000,-0.000000,-1.000000,-0.000000,0.000000),
CFrame.new(22.464417,0.563608,-1.082764,0.000000,0.000000,1.000000,-0.000000,1.000000,-0.000000,-1.000000,-0.000000,0.000000),
CFrame.new(22.464417,0.563608,-1.082764,0.000000,0.000000,1.000000,-0.000000,1.000000,-0.000000,-1.000000,-0.000000,0.000000),
CFrame.new(22.464417,0.567455,-1.051331,0.000000,0.000000,1.000000,-0.000000,1.000000,-0.000000,-1.000000,-0.000000,0.000000),
CFrame.new(22.464417,0.552277,-1.043503,0.000000,0.000000,1.000000,-0.000000,1.000000,-0.000000,-1.000000,-0.000000,0.000000),
CFrame.new(22.464417,0.552275,-1.043503,0.000000,0.000000,1.000000,-0.000000,1.000000,-0.000000,-1.000000,-0.000000,0.000000),
CFrame.new(22.464417,0.514059,-1.069984,0.000000,0.000000,1.000000,-0.000000,1.000000,-0.000000,-1.000000,-0.000000,0.000000),
CFrame.new(22.464401,0.463766,-1.111633,0.000000,0.000000,1.000000,-0.000000,1.000000,-0.000000,-1.000000,-0.000000,0.000000),
CFrame.new(22.464401,0.412361,-1.149353,0.000000,0.000000,1.000000,-0.000000,1.000000,-0.000000,-1.000000,-0.000000,0.000000),
CFrame.new(22.464401,0.412361,-1.149353,0.000000,0.000000,1.000000,-0.000000,1.000000,-0.000000,-1.000000,-0.000000,0.000000),
CFrame.new(22.464401,0.370813,-1.164009,0.000000,0.000000,1.000000,-0.000000,1.000000,-0.000000,-1.000000,-0.000000,0.000000),
CFrame.new(22.464401,0.346540,-1.110512,0.000000,-0.000000,1.000000,0.000000,1.000000,0.000000,-1.000000,0.000000,0.000000),
CFrame.new(22.464401,0.346540,-1.110512,0.000000,-0.000000,1.000000,0.000000,1.000000,0.000000,-1.000000,0.000000,0.000000),
CFrame.new(22.464417,0.332756,-1.037712,0.000000,-0.000000,1.000000,0.000000,1.000000,0.000000,-1.000000,0.000000,0.000000),
CFrame.new(22.464417,0.321569,-1.011780,0.000000,-0.000000,1.000000,0.000000,1.000000,0.000000,-1.000000,0.000000,0.000000),
CFrame.new(22.464417,0.321569,-1.011780,0.000000,-0.000000,1.000000,0.000000,1.000000,0.000000,-1.000000,0.000000,0.000000),
CFrame.new(22.464417,0.321098,-1.040192,0.000000,-0.000000,1.000000,0.000000,1.000000,0.000000,-1.000000,0.000000,0.000000),
CFrame.new(22.464417,0.333738,-1.112160,0.000000,-0.000000,1.000000,0.000000,1.000000,0.000000,-1.000000,0.000000,0.000000),
CFrame.new(22.464417,0.351511,-1.168655,0.000000,0.000000,1.000000,-0.000000,1.000000,-0.000000,-1.000000,-0.000000,0.000000),
CFrame.new(22.464417,0.351513,-1.168655,0.000000,0.000000,1.000000,-0.000000,1.000000,-0.000000,-1.000000,-0.000000,0.000000),
CFrame.new(22.464401,0.365627,-1.158501,0.000000,0.000000,1.000000,-0.000000,1.000000,-0.000000,-1.000000,-0.000000,0.000000),
CFrame.new(22.464417,0.376619,-1.079903,0.000000,0.000000,1.000000,-0.000000,1.000000,-0.000000,-1.000000,-0.000000,0.000000),
CFrame.new(22.464417,0.376617,-1.079903,0.000000,0.000000,1.000000,-0.000000,1.000000,-0.000000,-1.000000,-0.000000,0.000000),
CFrame.new(22.464401,0.391497,-0.990723,0.000000,0.000000,1.000000,-0.000000,1.000000,-0.000000,-1.000000,-0.000000,0.000000),
CFrame.new(22.464401,0.407709,-0.936584,0.000000,0.000000,1.000000,-0.000000,1.000000,-0.000000,-1.000000,-0.000000,0.000000),
CFrame.new(22.464401,0.407711,-0.936584,0.000000,0.000000,1.000000,-0.000000,1.000000,-0.000000,-1.000000,-0.000000,0.000000),
CFrame.new(22.464417,0.423756,-0.937309,0.000000,0.000000,1.000000,-0.000000,1.000000,-0.000000,-1.000000,-0.000000,0.000000),
CFrame.new(22.464401,0.464615,-0.983437,0.000000,0.000000,1.000000,-0.000000,1.000000,-0.000000,-1.000000,-0.000000,0.000000),
CFrame.new(22.464401,0.519955,-1.040932,0.000000,0.000000,1.000000,-0.000000,1.000000,-0.000000,-1.000000,-0.000000,0.000000),
CFrame.new(22.464401,0.519958,-1.040932,0.000000,0.000000,1.000000,-0.000000,1.000000,-0.000000,-1.000000,-0.000000,0.000000),
CFrame.new(22.464401,0.552170,-1.097977,0.000000,0.000000,1.000000,-0.000000,1.000000,-0.000000,-1.000000,-0.000000,0.000000),
CFrame.new(22.464417,0.564030,-1.134987,0.000000,0.000000,1.000000,-0.000000,1.000000,-0.000000,-1.000000,-0.000000,0.000000),
CFrame.new(22.464417,0.564034,-1.134987,0.000000,-0.000000,1.000000,0.000000,1.000000,0.000000,-1.000000,0.000000,0.000000),
CFrame.new(22.464401,0.564871,-1.131516,0.000000,-0.000000,1.000000,0.000000,1.000000,0.000000,-1.000000,0.000000,0.000000),
CFrame.new(22.464401,0.535734,-1.096642,0.000000,-0.000000,1.000000,0.000000,1.000000,0.000000,-1.000000,0.000000,0.000000),
CFrame.new(22.464401,0.479057,-1.057724,0.000000,-0.000000,1.000000,0.000000,1.000000,0.000000,-1.000000,0.000000,0.000000),
CFrame.new(22.464401,0.479055,-1.057724,0.000000,-0.000000,1.000000,0.000000,1.000000,0.000000,-1.000000,0.000000,0.000000),
CFrame.new(22.464417,0.416061,-1.031906,0.000000,-0.000000,1.000000,0.000000,1.000000,0.000000,-1.000000,0.000000,0.000000),
CFrame.new(22.464417,0.368366,-1.037712,0.000000,0.000000,1.000000,-0.000000,1.000000,-0.000000,-1.000000,-0.000000,0.000000),
CFrame.new(22.464401,0.358246,-1.080574,0.000000,0.000000,1.000000,-0.000000,1.000000,-0.000000,-1.000000,-0.000000,0.000000),
CFrame.new(22.464417,0.389387,-1.149994,0.000000,0.000000,1.000000,-0.000000,1.000000,-0.000000,-1.000000,-0.000000,0.000000),
CFrame.new(22.464417,0.389385,-1.149994,0.000000,0.000000,1.000000,-0.000000,1.000000,-0.000000,-1.000000,-0.000000,0.000000),
CFrame.new(22.464401,0.428141,-1.232887,0.000000,0.000000,1.000000,-0.000000,1.000000,-0.000000,-1.000000,-0.000000,0.000000),
CFrame.new(22.464401,0.456455,-1.313049,0.000000,0.000000,1.000000,-0.000000,1.000000,-0.000000,-1.000000,-0.000000,0.000000),
CFrame.new(22.464401,0.469627,-1.378670,0.000000,0.000000,1.000000,-0.000000,1.000000,-0.000000,-1.000000,-0.000000,0.000000),
CFrame.new(22.464417,0.469666,-1.417717,0.000000,0.000000,1.000000,-0.000000,1.000000,-0.000000,-1.000000,-0.000000,0.000000),
CFrame.new(22.464417,0.469667,-1.417717,0.000000,0.000000,1.000000,-0.000000,1.000000,-0.000000,-1.000000,-0.000000,0.000000),
CFrame.new(22.464401,0.465212,-1.426552,0.000000,0.000000,1.000000,-0.000000,1.000000,-0.000000,-1.000000,-0.000000,0.000000),
CFrame.new(22.464417,0.466574,-1.407005,0.000000,0.000000,1.000000,-0.000000,1.000000,-0.000000,-1.000000,-0.000000,0.000000),
CFrame.new(22.464401,0.486042,-1.363113,0.000000,0.000000,1.000000,-0.000000,1.000000,-0.000000,-1.000000,-0.000000,0.000000),
CFrame.new(22.464401,0.514397,-1.302864,0.000000,-0.000000,1.000000,0.000000,1.000000,0.000000,-1.000000,0.000000,0.000000),
CFrame.new(22.464417,0.530352,-1.233246,0.000000,-0.000000,1.000000,0.000000,1.000000,0.000000,-1.000000,0.000000,0.000000),
CFrame.new(22.464417,0.530352,-1.233246,0.000000,-0.000000,1.000000,0.000000,1.000000,0.000000,-1.000000,0.000000,0.000000),
CFrame.new(22.464401,0.519316,-1.162018,0.000000,-0.000000,1.000000,0.000000,1.000000,0.000000,-1.000000,0.000000,0.000000),
CFrame.new(22.464401,0.480906,-1.103302,0.000000,-0.000000,1.000000,0.000000,1.000000,0.000000,-1.000000,0.000000,0.000000),
CFrame.new(22.464401,0.430956,-1.063126,0.000000,-0.000000,1.000000,0.000000,1.000000,0.000000,-1.000000,0.000000,0.000000),
CFrame.new(22.464417,0.388660,-1.040733,0.000000,0.000000,1.000000,-0.000000,1.000000,-0.000000,-1.000000,-0.000000,0.000000),
CFrame.new(22.464417,0.388659,-1.040733,0.000000,0.000000,1.000000,-0.000000,1.000000,-0.000000,-1.000000,-0.000000,0.000000),
CFrame.new(22.464417,0.373219,-1.035393,0.000000,0.000000,1.000000,-0.000000,1.000000,-0.000000,-1.000000,-0.000000,0.000000),
CFrame.new(22.464417,0.377901,-1.047745,0.000000,0.000000,1.000000,-0.000000,1.000000,-0.000000,-1.000000,-0.000000,0.000000),
CFrame.new(22.464417,0.382496,-1.075996,0.000000,0.000000,1.000000,-0.000000,1.000000,-0.000000,-1.000000,-0.000000,0.000000),
CFrame.new(22.464417,0.382496,-1.075996,0.000000,0.000000,1.000000,-0.000000,1.000000,-0.000000,-1.000000,-0.000000,0.000000),
CFrame.new(22.464417,0.383852,-1.108002,0.000000,0.000000,1.000000,-0.000000,1.000000,-0.000000,-1.000000,-0.000000,0.000000),
CFrame.new(22.464417,0.380527,-1.112625,0.000000,0.000000,1.000000,-0.000000,1.000000,-0.000000,-1.000000,-0.000000,0.000000),
CFrame.new(22.464417,0.380529,-1.112625,0.000000,0.000000,1.000000,-0.000000,1.000000,-0.000000,-1.000000,-0.000000,0.000000),
CFrame.new(22.464417,0.373079,-1.082870,0.000000,0.000000,1.000000,-0.000000,1.000000,-0.000000,-1.000000,-0.000000,0.000000),
CFrame.new(22.464417,0.360628,-1.050903,0.000000,0.000000,1.000000,-0.000000,1.000000,-0.000000,-1.000000,-0.000000,0.000000),
CFrame.new(22.464417,0.360628,-1.050903,0.000000,0.000000,1.000000,-0.000000,1.000000,-0.000000,-1.000000,-0.000000,0.000000),
CFrame.new(22.464401,0.343836,-1.050629,0.000000,0.000000,1.000000,-0.000000,1.000000,-0.000000,-1.000000,-0.000000,0.000000),
CFrame.new(22.464417,0.323570,-1.087997,0.000000,-0.000000,1.000000,0.000000,1.000000,0.000000,-1.000000,0.000000,0.000000),
CFrame.new(22.464401,0.301716,-1.146950,0.000000,-0.000000,1.000000,0.000000,1.000000,0.000000,-1.000000,0.000000,0.000000),
CFrame.new(22.464401,0.301716,-1.146950,0.000000,-0.000000,1.000000,0.000000,1.000000,0.000000,-1.000000,0.000000,0.000000),
CFrame.new(22.464401,0.281107,-1.227455,0.000000,-0.000000,1.000000,0.000000,1.000000,0.000000,-1.000000,0.000000,0.000000),
CFrame.new(22.464401,0.267103,-1.326012,0.000000,-0.000000,1.000000,0.000000,1.000000,0.000000,-1.000000,0.000000,0.000000),
CFrame.new(22.464401,0.267103,-1.326012,0.000000,-0.000000,1.000000,0.000000,1.000000,0.000000,-1.000000,0.000000,0.000000),
CFrame.new(22.464401,0.294842,-1.434677,0.000000,-0.000000,1.000000,0.000000,1.000000,0.000000,-1.000000,0.000000,0.000000),
CFrame.new(22.464417,0.326927,-1.531128,0.000000,0.000000,1.000000,-0.000000,1.000000,-0.000000,-1.000000,-0.000000,0.000000),
CFrame.new(22.464417,0.326929,-1.531128,0.000000,0.000000,1.000000,-0.000000,1.000000,-0.000000,-1.000000,-0.000000,0.000000),
CFrame.new(22.464417,0.284521,-1.598480,0.000000,0.000000,1.000000,-0.000000,1.000000,-0.000000,-1.000000,-0.000000,0.000000),
CFrame.new(22.464401,0.242115,-1.624977,0.000000,0.000000,1.000000,-0.000000,1.000000,-0.000000,-1.000000,-0.000000,0.000000),
CFrame.new(22.464401,0.242115,-1.624977,0.000000,0.000000,1.000000,-0.000000,1.000000,-0.000000,-1.000000,-0.000000,0.000000),
CFrame.new(22.464401,0.258287,-1.619446,0.000000,0.000000,1.000000,-0.000000,1.000000,-0.000000,-1.000000,-0.000000,0.000000),
CFrame.new(22.464401,0.298916,-1.596710,0.000000,0.000000,1.000000,-0.000000,1.000000,-0.000000,-1.000000,-0.000000,0.000000),
CFrame.new(22.464401,0.352835,-1.553711,0.000000,0.000000,1.000000,-0.000000,1.000000,-0.000000,-1.000000,-0.000000,0.000000),
CFrame.new(22.464401,0.352831,-1.553711,0.000000,0.000000,1.000000,-0.000000,1.000000,-0.000000,-1.000000,-0.000000,0.000000),
CFrame.new(22.464401,0.409065,-1.495857,0.000000,0.000000,1.000000,-0.000000,1.000000,-0.000000,-1.000000,-0.000000,0.000000),
CFrame.new(22.464401,0.456644,-1.428528,0.000000,0.000000,1.000000,-0.000000,1.000000,-0.000000,-1.000000,-0.000000,0.000000),
CFrame.new(22.464401,0.456644,-1.428528,0.000000,0.000000,1.000000,-0.000000,1.000000,-0.000000,-1.000000,-0.000000,0.000000),
CFrame.new(22.464417,0.484592,-1.357071,0.000000,0.000000,1.000000,-0.000000,1.000000,-0.000000,-1.000000,-0.000000,0.000000),
CFrame.new(22.464417,0.512196,-1.286133,0.000000,-0.000000,1.000000,0.000000,1.000000,0.000000,-1.000000,0.000000,0.000000),
CFrame.new(22.464417,0.512197,-1.286133,0.000000,-0.000000,1.000000,0.000000,1.000000,0.000000,-1.000000,0.000000,0.000000),
CFrame.new(22.464401,0.546659,-1.217285,0.000000,-0.000000,1.000000,0.000000,1.000000,0.000000,-1.000000,0.000000,0.000000),
CFrame.new(22.464401,0.558918,-1.151360,0.000000,-0.000000,1.000000,0.000000,1.000000,0.000000,-1.000000,0.000000,0.000000),
CFrame.new(22.464401,0.558918,-1.151360,0.000000,-0.000000,1.000000,0.000000,1.000000,0.000000,-1.000000,0.000000,0.000000),
CFrame.new(22.464401,0.539703,-1.090302,0.000000,-0.000000,1.000000,0.000000,1.000000,0.000000,-1.000000,0.000000,0.000000),
CFrame.new(22.464417,0.508335,-1.040604,0.000000,-0.000000,1.000000,0.000000,1.000000,0.000000,-1.000000,0.000000,0.000000),
CFrame.new(22.464401,0.476004,-1.004547,0.000000,-0.000000,1.000000,0.000000,1.000000,0.000000,-1.000000,0.000000,0.000000),
CFrame.new(22.464401,0.476004,-1.004547,0.000000,0.000000,1.000000,-0.000000,1.000000,-0.000000,-1.000000,-0.000000,0.000000),
CFrame.new(22.464401,0.451294,-0.978897,0.000000,0.000000,1.000000,-0.000000,1.000000,-0.000000,-1.000000,-0.000000,0.000000),
CFrame.new(22.464401,0.444078,-0.963097,0.000000,0.000000,1.000000,-0.000000,1.000000,-0.000000,-1.000000,-0.000000,0.000000),
CFrame.new(22.464401,0.444078,-0.963097,0.000000,0.000000,1.000000,-0.000000,1.000000,-0.000000,-1.000000,-0.000000,0.000000),
CFrame.new(22.464401,0.449472,-0.955315,0.000000,0.000000,1.000000,-0.000000,1.000000,-0.000000,-1.000000,-0.000000,0.000000),
CFrame.new(22.464401,0.454824,-0.948799,0.000000,0.000000,1.000000,-0.000000,1.000000,-0.000000,-1.000000,-0.000000,0.000000),
CFrame.new(22.464401,0.454826,-0.948799,0.000000,0.000000,1.000000,-0.000000,1.000000,-0.000000,-1.000000,-0.000000,0.000000),
CFrame.new(22.464401,0.458374,-0.935555,0.000000,0.000000,1.000000,-0.000000,1.000000,-0.000000,-1.000000,-0.000000,0.000000),
CFrame.new(22.464417,0.458363,-0.904533,0.000000,0.000000,1.000000,-0.000000,1.000000,-0.000000,-1.000000,-0.000000,0.000000),
CFrame.new(22.464417,0.454603,-0.850632,0.000000,0.000000,1.000000,-0.000000,1.000000,-0.000000,-1.000000,-0.000000,0.000000),
CFrame.new(22.464417,0.454605,-0.850632,0.000000,0.000000,1.000000,-0.000000,1.000000,-0.000000,-1.000000,-0.000000,0.000000),
CFrame.new(22.464417,0.446918,-0.776512,0.000000,0.000000,1.000000,-0.000000,1.000000,-0.000000,-1.000000,-0.000000,0.000000),
CFrame.new(22.464401,0.437599,-0.691605,0.000000,0.000000,1.000000,-0.000000,1.000000,-0.000000,-1.000000,-0.000000,0.000000),
CFrame.new(22.464401,0.430960,-0.607040,0.000000,-0.000000,1.000000,0.000000,1.000000,0.000000,-1.000000,0.000000,0.000000),
CFrame.new(22.464401,0.430960,-0.607040,0.000000,-0.000000,1.000000,0.000000,1.000000,0.000000,-1.000000,0.000000,0.000000),
CFrame.new(22.464417,0.432278,-0.532135,0.000000,-0.000000,1.000000,0.000000,1.000000,0.000000,-1.000000,0.000000,0.000000),
CFrame.new(22.464417,0.440825,-0.468948,0.000000,-0.000000,1.000000,0.000000,1.000000,0.000000,-1.000000,0.000000,0.000000),
CFrame.new(22.464417,0.440825,-0.468948,0.000000,-0.000000,1.000000,0.000000,1.000000,0.000000,-1.000000,0.000000,0.000000),
CFrame.new(22.464401,0.451893,-0.417755,0.000000,-0.000000,1.000000,0.000000,1.000000,0.000000,-1.000000,0.000000,0.000000),
CFrame.new(22.464401,0.460783,-0.378830,0.000000,-0.000000,1.000000,0.000000,1.000000,0.000000,-1.000000,0.000000,0.000000),
CFrame.new(22.464401,0.462786,-0.352402,0.000000,0.000000,1.000000,-0.000000,1.000000,-0.000000,-1.000000,-0.000000,0.000000),
CFrame.new(22.464401,0.462786,-0.352402,0.000000,0.000000,1.000000,-0.000000,1.000000,-0.000000,-1.000000,-0.000000,0.000000),
CFrame.new(22.464401,0.454859,-0.338158,0.000000,0.000000,1.000000,-0.000000,1.000000,-0.000000,-1.000000,-0.000000,0.000000),
CFrame.new(22.464417,0.438032,-0.337502,0.000000,0.000000,1.000000,-0.000000,1.000000,-0.000000,-1.000000,-0.000000,0.000000),
CFrame.new(22.464401,0.415184,-0.350975,0.000000,0.000000,1.000000,-0.000000,1.000000,-0.000000,-1.000000,-0.000000,0.000000),
CFrame.new(22.464401,0.415184,-0.350975,0.000000,0.000000,1.000000,-0.000000,1.000000,-0.000000,-1.000000,-0.000000,0.000000),
CFrame.new(22.464401,0.389818,-0.375626,0.000000,0.000000,1.000000,-0.000000,1.000000,-0.000000,-1.000000,-0.000000,0.000000),
CFrame.new(22.464417,0.365372,-0.408310,0.000000,0.000000,1.000000,-0.000000,1.000000,-0.000000,-1.000000,-0.000000,0.000000),
CFrame.new(22.464417,0.345062,-0.445747,0.000000,0.000000,1.000000,-0.000000,1.000000,-0.000000,-1.000000,-0.000000,0.000000),
CFrame.new(22.464417,0.345062,-0.445747,0.000000,0.000000,1.000000,-0.000000,1.000000,-0.000000,-1.000000,-0.000000,0.000000),
CFrame.new(22.464417,0.331791,-0.484695,0.000000,0.000000,1.000000,-0.000000,1.000000,-0.000000,-1.000000,-0.000000,0.000000),
CFrame.new(22.464401,0.328022,-0.521988,0.000000,-0.000000,1.000000,0.000000,1.000000,0.000000,-1.000000,0.000000,0.000000),
CFrame.new(22.464401,0.328022,-0.521988,0.000000,-0.000000,1.000000,0.000000,1.000000,0.000000,-1.000000,0.000000,0.000000),
CFrame.new(22.464401,0.348848,-0.553001,0.000000,-0.000000,1.000000,0.000000,1.000000,0.000000,-1.000000,0.000000,0.000000),
CFrame.new(22.464401,0.393209,-0.567406,0.000000,-0.000000,1.000000,0.000000,1.000000,0.000000,-1.000000,0.000000,0.000000),
CFrame.new(22.464401,0.441660,-0.554611,0.000000,-0.000000,1.000000,0.000000,1.000000,0.000000,-1.000000,0.000000,0.000000),
CFrame.new(22.464417,0.485430,-0.509590,0.000000,-0.000000,1.000000,0.000000,1.000000,0.000000,-1.000000,0.000000,0.000000),
CFrame.new(22.464417,0.485428,-0.509590,0.000000,-0.000000,1.000000,0.000000,1.000000,0.000000,-1.000000,0.000000,0.000000),
CFrame.new(22.464417,0.525877,-0.443901,0.000000,0.000000,1.000000,-0.000000,1.000000,-0.000000,-1.000000,-0.000000,0.000000),
CFrame.new(22.464401,0.561653,-0.372093,0.000000,0.000000,1.000000,-0.000000,1.000000,-0.000000,-1.000000,-0.000000,0.000000),
CFrame.new(22.464401,0.591152,-0.307434,0.000000,0.000000,1.000000,-0.000000,1.000000,-0.000000,-1.000000,-0.000000,0.000000),
CFrame.new(22.464401,0.591150,-0.307434,0.000000,0.000000,1.000000,-0.000000,1.000000,-0.000000,-1.000000,-0.000000,0.000000),
CFrame.new(22.464417,0.613066,-0.259514,0.000000,0.000000,1.000000,-0.000000,1.000000,-0.000000,-1.000000,-0.000000,0.000000),
CFrame.new(22.464417,0.628092,-0.227440,0.000000,0.000000,1.000000,-0.000000,1.000000,-0.000000,-1.000000,-0.000000,0.000000),
CFrame.new(22.464417,0.636927,-0.206139,0.000000,0.000000,1.000000,-0.000000,1.000000,-0.000000,-1.000000,-0.000000,0.000000),
CFrame.new(22.464417,0.639639,-0.187721,0.000000,0.000000,1.000000,-0.000000,1.000000,-0.000000,-1.000000,-0.000000,0.000000),
CFrame.new(22.464417,0.639639,-0.187721,0.000000,0.000000,1.000000,-0.000000,1.000000,-0.000000,-1.000000,-0.000000,0.000000),
CFrame.new(22.464401,0.636517,-0.165054,0.000000,0.000000,1.000000,-0.000000,1.000000,-0.000000,-1.000000,-0.000000,0.000000),
CFrame.new(22.464417,0.628412,-0.133484,0.000000,-0.000000,1.000000,0.000000,1.000000,0.000000,-1.000000,0.000000,0.000000),
CFrame.new(22.464417,0.628412,-0.133484,0.000000,-0.000000,1.000000,0.000000,1.000000,0.000000,-1.000000,0.000000,0.000000),
CFrame.new(22.464401,0.614784,-0.093002,0.000000,-0.000000,1.000000,0.000000,1.000000,0.000000,-1.000000,0.000000,0.000000),
CFrame.new(22.464401,0.594141,-0.045738,0.000000,-0.000000,1.000000,0.000000,1.000000,0.000000,-1.000000,0.000000,0.000000),
CFrame.new(22.464401,0.594141,-0.045738,0.000000,-0.000000,1.000000,0.000000,1.000000,0.000000,-1.000000,0.000000,0.000000),
CFrame.new(22.464417,0.565052,0.005157,0.000000,-0.000000,1.000000,0.000000,1.000000,0.000000,-1.000000,0.000000,0.000000),
CFrame.new(22.464417,0.525490,0.056801,0.000000,-0.000000,1.000000,0.000000,1.000000,0.000000,-1.000000,0.000000,0.000000),
CFrame.new(22.464417,0.472887,0.106712,0.000000,-0.000000,1.000000,0.000000,1.000000,0.000000,-1.000000,0.000000,0.000000),
CFrame.new(22.464417,0.472889,0.106712,0.000000,-0.000000,1.000000,0.000000,1.000000,0.000000,-1.000000,0.000000,0.000000),
CFrame.new(22.464401,0.404409,0.152748,0.000000,0.000000,1.000000,-0.000000,1.000000,-0.000000,-1.000000,-0.000000,0.000000),
CFrame.new(22.464417,0.320753,0.193283,0.000000,0.000000,1.000000,-0.000000,1.000000,-0.000000,-1.000000,-0.000000,0.000000),
CFrame.new(22.464417,0.320751,0.193283,0.000000,0.000000,1.000000,-0.000000,1.000000,-0.000000,-1.000000,-0.000000,0.000000),
CFrame.new(-4.020676,-0.711512,-2.345772,-0.805294,-0.110849,-0.582421,-0.112225,0.993106,-0.033843,0.582157,0.038108,-0.812183),
CFrame.new(-4.020676,-0.711512,-2.345772,-0.805294,-0.110849,-0.582421,-0.112225,0.993106,-0.033843,0.582157,0.038108,-0.812183),
CFrame.new(-4.039474,-0.726757,-2.323730,-0.804323,-0.113839,-0.583185,-0.117865,0.992540,-0.031189,0.582385,0.043651,-0.811740),
CFrame.new(-4.051315,-0.737684,-2.263680,-0.803675,-0.114660,-0.583917,-0.122081,0.992158,-0.026797,0.582411,0.049750,-0.811371),
CFrame.new(-4.051315,-0.737684,-2.263680,-0.803675,-0.114660,-0.583917,-0.122081,0.992158,-0.026797,0.582411,0.049750,-0.811371),
CFrame.new(-4.058136,-0.745007,-2.174728,-0.803184,-0.113986,-0.584725,-0.125340,0.991888,-0.021190,0.582397,0.056269,-0.810955),
CFrame.new(-4.061905,-0.749449,-2.066025,-0.802831,-0.112524,-0.585492,-0.128080,0.991651,-0.014958,0.582287,0.062981,-0.810540),
CFrame.new(-4.064529,-0.751730,-1.946663,-0.802542,-0.110925,-0.586193,-0.130793,0.991373,-0.008532,0.582082,0.069822,-0.810126),
CFrame.new(-4.064529,-0.751728,-1.946663,-0.802542,-0.110925,-0.586193,-0.130793,0.991373,-0.008532,0.582082,0.069822,-0.810126),
CFrame.new(-4.067963,-0.752569,-1.825760,-0.802270,-0.110035,-0.586733,-0.134106,0.990964,-0.002474,0.581703,0.076699,-0.809777),
CFrame.new(-4.074158,-0.752689,-1.712440,-0.801892,-0.110447,-0.587172,-0.138401,0.990373,0.002723,0.581218,0.083449,-0.809458),
CFrame.new(-4.074158,-0.752689,-1.712440,-0.801892,-0.110447,-0.587172,-0.138401,0.990373,0.002723,0.581218,0.083449,-0.809458),
CFrame.new(-4.084457,-0.747244,-1.612694,-0.801287,-0.112645,-0.587580,-0.144005,0.989555,0.006672,0.580691,0.089960,-0.809138),
CFrame.new(-4.097778,-0.733192,-1.519989,-0.800283,-0.116256,-0.588245,-0.150456,0.988573,0.009316,0.580440,0.095961,-0.808629),
CFrame.new(-4.112427,-0.713984,-1.424690,-0.798641,-0.120542,-0.589611,-0.157160,0.987512,0.010986,0.580924,0.101437,-0.807612),
CFrame.new(-4.112427,-0.713984,-1.424690,-0.798641,-0.120542,-0.589611,-0.157160,0.987512,0.010986,0.580924,0.101437,-0.807612),
CFrame.new(-4.126755,-0.693052,-1.317139,-0.796175,-0.124931,-0.592028,-0.163522,0.986470,0.011742,0.582551,0.106158,-0.805831),
CFrame.new(-4.139069,-0.673841,-1.187698,-0.792674,-0.128657,-0.595915,-0.168815,0.985577,0.011771,0.585806,0.109930,-0.802961),
CFrame.new(-4.139069,-0.673843,-1.187698,-0.792674,-0.128657,-0.595915,-0.168815,0.985577,0.011771,0.585806,0.109930,-0.802961),
CFrame.new(-4.147690,-0.659794,-1.026711,-0.787939,-0.131179,-0.601618,-0.172582,0.984931,0.011273,0.591073,0.112711,-0.798704),
CFrame.new(-4.150925,-0.654346,-0.824539,-0.781679,-0.131764,-0.609604,-0.174067,0.984679,0.010365,0.598899,0.114214,-0.792638),
CFrame.new(-4.150925,-0.654346,-0.824539,-0.781679,-0.131764,-0.609604,-0.174067,0.984679,0.010365,0.598899,0.114214,-0.792638),
CFrame.new(-4.138763,-0.666052,-0.575073,-0.772715,-0.129251,-0.621455,-0.171431,0.985161,0.008262,0.611165,0.112921,-0.783407),
CFrame.new(-4.104050,-0.696907,-0.286461,-0.760315,-0.123218,-0.637761,-0.163323,0.986564,0.004100,0.628687,0.107279,-0.770223),
CFrame.new(-4.104050,-0.696907,-0.286461,-0.760315,-0.123218,-0.637761,-0.163323,0.986564,0.004100,0.628687,0.107279,-0.770223),
CFrame.new(-4.049377,-0.740530,0.029579,-0.744772,-0.114375,-0.657445,-0.150462,0.988615,-0.001541,0.650136,0.097772,-0.753502),
CFrame.new(-3.977386,-0.790537,0.361374,-0.726507,-0.103222,-0.679362,-0.133158,0.991061,-0.008183,0.674134,0.084518,-0.733758),
CFrame.new(-3.977386,-0.790539,0.361374,-0.726507,-0.103222,-0.679362,-0.133158,0.991061,-0.008183,0.674134,0.084518,-0.733758),
CFrame.new(-3.890732,-0.840549,0.697205,-0.705993,-0.090429,-0.702421,-0.112049,0.993585,-0.015295,0.699299,0.067907,-0.711597),
CFrame.new(-3.792007,-0.884174,1.025375,-0.683868,-0.076531,-0.725581,-0.087580,0.995903,-0.022498,0.724330,0.048160,-0.687769),
CFrame.new(-3.792007,-0.884172,1.025375,-0.683868,-0.076531,-0.725581,-0.087580,0.995903,-0.022498,0.724330,0.048160,-0.687769),
CFrame.new(-3.683884,-0.915028,1.334183,-0.660788,-0.062049,-0.748003,-0.060348,0.997743,-0.029454,0.748142,0.025678,-0.663041),
CFrame.new(-3.568954,-0.926733,1.611938,-0.637793,-0.047513,-0.768741,-0.031223,0.998870,-0.035831,0.769575,0.001150,-0.638556),
CFrame.new(-3.568954,-0.926733,1.611938,-0.637793,-0.047513,-0.768741,-0.031223,0.998870,-0.035831,0.769575,0.001150,-0.638556),
CFrame.new(-3.449707,-0.923384,1.849823,-0.615683,-0.033180,-0.787295,-0.000796,0.999139,-0.041485,0.787993,-0.024915,-0.615179),
CFrame.new(-3.327835,-0.914570,2.050568,-0.594598,-0.018899,-0.803801,0.030147,0.998497,-0.045777,0.803458,-0.051451,-0.593134),
CFrame.new(-3.327835,-0.914572,2.050568,-0.594598,-0.018899,-0.803801,0.030147,0.998497,-0.045777,0.803458,-0.051451,-0.593134),
CFrame.new(-3.204865,-0.902153,2.219788,-0.574289,-0.004516,-0.818640,0.060839,0.996984,-0.048180,0.816389,-0.077474,-0.572283),
CFrame.new(-3.082352,-0.887995,2.363129,-0.554569,0.010305,-0.832074,0.090492,0.994740,-0.047992,0.827203,-0.101911,-0.552584),
CFrame.new(-3.082352,-0.887995,2.363129,-0.554569,0.010305,-0.832074,0.090492,0.994740,-0.047992,0.827203,-0.101911,-0.552584),
CFrame.new(-2.961853,-0.873951,2.486183,-0.535234,0.025806,-0.844309,0.118428,0.991953,-0.044756,0.836361,-0.123945,-0.533984),
CFrame.new(-2.844894,-0.861883,2.594589,-0.516077,0.042326,-0.855496,0.143881,0.988870,-0.037871,0.844372,-0.142634,-0.516423),
CFrame.new(-2.844894,-0.861883,2.594589,-0.516077,0.042326,-0.855496,0.143881,0.988870,-0.037871,0.844372,-0.142634,-0.516423),
CFrame.new(-2.733017,-0.853651,2.693970,-0.496724,0.060133,-0.865823,0.166003,0.985762,-0.026773,0.851886,-0.157028,-0.499633),
CFrame.new(-2.627808,-0.849499,2.787270,-0.477621,0.077874,-0.875108,0.185172,0.982612,-0.013624,0.858830,-0.168553,-0.483736),
CFrame.new(-2.627808,-0.849499,2.787270,-0.477621,0.077874,-0.875108,0.185172,0.982612,-0.013624,0.858830,-0.168553,-0.483736),
CFrame.new(-2.531189,-0.843203,2.866776,-0.460771,0.092674,-0.882667,0.200969,0.979595,-0.002060,0.864466,-0.178338,-0.469994),
CFrame.new(-2.445114,-0.826927,2.922089,-0.448762,0.103183,-0.887674,0.211403,0.977376,0.006736,0.868286,-0.184634,-0.460422),
CFrame.new(-2.445114,-0.826929,2.922089,-0.448762,0.103183,-0.887674,0.211403,0.977376,0.006736,0.868286,-0.184634,-0.460422),
CFrame.new(-2.371567,-0.792839,2.942848,-0.444102,0.107789,-0.889469,0.214509,0.976657,0.011253,0.869919,-0.185801,-0.456857),
CFrame.new(-2.311707,-0.695774,2.834000,-0.461092,0.108687,-0.880672,0.208932,0.977865,0.011292,0.862405,-0.178794,-0.473594),
CFrame.new(-2.311707,-0.695774,2.834000,-0.461092,0.108687,-0.880672,0.208932,0.977865,0.011292,0.862405,-0.178794,-0.473594),
CFrame.new(-2.263443,-0.519300,2.559372,-0.505351,0.109398,-0.855951,0.197685,0.980228,0.008569,0.839965,-0.164878,-0.516986),
CFrame.new(-2.223938,-0.298658,2.196808,-0.565534,0.110604,-0.817274,0.185407,0.982651,0.004687,0.803614,-0.148878,-0.576230),
CFrame.new(-2.190262,-0.069099,1.824158,-0.628466,0.113894,-0.769454,0.177483,0.984124,0.000706,0.757318,-0.136122,-0.638702),
CFrame.new(-2.190262,-0.069099,1.824158,-0.628466,0.113894,-0.769454,0.177483,0.984124,0.000706,0.757318,-0.136122,-0.638702),
CFrame.new(-2.162231,0.136391,1.524307,-0.679642,0.118035,-0.723985,0.173965,0.984748,-0.002761,0.712617,-0.127825,-0.689810),
CFrame.new(-2.150024,0.293831,1.400352,-0.700281,0.123334,-0.703132,0.168930,0.985617,0.004639,0.693592,-0.115531,-0.711044),
CFrame.new(-2.270767,0.386244,1.468575,-0.503152,0.111460,-0.856980,0.065838,0.993710,0.090589,0.861687,-0.010842,-0.507325),
CFrame.new(-2.270767,0.386244,1.468575,-0.503152,0.111460,-0.856980,0.065838,0.993710,0.090589,0.861687,-0.010842,-0.507325),
CFrame.new(-2.391525,0.415564,1.536812,-0.267380,0.120862,-0.955982,-0.053111,0.988746,0.139859,0.962127,0.088168,-0.257952),
CFrame.new(2.079803,-0.349236,-22.705185,-0.786159,0.190727,0.587859,0.226908,0.973836,-0.012505,-0.574863,0.123559,-0.808867),
CFrame.new(2.580215,-0.460596,-22.675964,-0.783023,0.203283,0.587835,0.242459,0.970081,-0.012503,-0.572789,0.132736,-0.808884),
CFrame.new(3.080658,-0.571953,-22.646744,-0.779660,0.215797,0.587845,0.257964,0.966074,-0.012507,-0.570600,0.141892,-0.808877),
CFrame.new(2.921509,-0.327885,-22.747391,-0.776068,0.228267,0.587888,0.273418,0.961814,-0.012517,-0.568296,0.151025,-0.808845),
CFrame.new(2.762360,-0.083813,-22.848015,-0.772325,0.240616,0.587893,0.288741,0.957326,-0.012495,-0.565812,0.160098,-0.808842),
CFrame.new(2.764847,-0.212118,-22.877968,-0.771207,0.244165,0.587897,0.293124,0.955993,-0.012521,-0.565083,0.162670,-0.808839),
CFrame.new(2.767303,-0.340422,-22.907913,-0.770148,0.247612,0.587844,0.297449,0.954657,-0.012426,-0.564266,0.165284,-0.808879),
CFrame.new(2.769775,-0.468723,-22.937851,-0.768993,0.251153,0.587853,0.301823,0.953283,-0.012453,-0.563518,0.167851,-0.808872),
CFrame.new(2.762314,-0.400684,-22.957954,-0.767819,0.254690,0.587866,0.306191,0.951888,-0.012481,-0.562761,0.170416,-0.808862),
CFrame.new(2.754837,-0.332645,-22.978073,-0.766627,0.258223,0.587881,0.310555,0.950473,-0.012509,-0.561995,0.172980,-0.808851),
CFrame.new(2.747391,-0.264608,-22.998184,-0.765443,0.261672,0.587899,0.314835,0.949064,-0.012511,-0.561228,0.175515,-0.808838),
CFrame.new(2.739944,-0.196566,-23.018280,-0.764266,0.265177,0.587859,0.319216,0.947600,-0.012445,-0.560356,0.178142,-0.808868),
CFrame.new(2.821945,-0.248695,-23.012665,-0.763726,0.266728,0.587860,0.321129,0.946954,-0.012460,-0.560000,0.179263,-0.808867),
CFrame.new(2.903992,-0.300821,-23.007065,-0.763182,0.268278,0.587861,0.323041,0.946303,-0.012475,-0.559641,0.180382,-0.808866),
CFrame.new(2.986008,-0.352951,-23.001427,-0.762634,0.269827,0.587863,0.324952,0.945648,-0.012490,-0.559281,0.181502,-0.808864),
CFrame.new(3.068024,-0.405081,-22.995804,-0.762083,0.271376,0.587865,0.326862,0.944989,-0.012505,-0.558920,0.182621,-0.808862),
CFrame.new(3.036972,-0.389122,-23.012016,-0.761528,0.272896,0.587880,0.328797,0.944319,-0.012440,-0.558541,0.183820,-0.808852),
CFrame.new(3.005905,-0.373161,-23.028221,-0.760969,0.274443,0.587883,0.330705,0.943652,-0.012455,-0.558175,0.184938,-0.808850),
CFrame.new(2.974838,-0.357201,-23.044434,-0.760407,0.275988,0.587887,0.332612,0.942981,-0.012470,-0.557808,0.186056,-0.808847),
CFrame.new(2.943802,-0.341236,-23.060631,-0.759814,0.277611,0.587891,0.334597,0.942278,-0.012513,-0.557431,0.187199,-0.808844),
CFrame.new(2.956635,-0.341284,-23.060928,-0.759668,0.278088,0.587853,0.335223,0.942057,-0.012445,-0.557252,0.187608,-0.808872),
CFrame.new(2.969467,-0.341324,-23.061218,-0.759471,0.278582,0.587875,0.335823,0.941842,-0.012474,-0.557160,0.187949,-0.808856),
CFrame.new(2.982330,-0.341362,-23.061501,-0.759272,0.279077,0.587896,0.336423,0.941628,-0.012502,-0.557069,0.188290,-0.808839),
CFrame.new(2.995163,-0.341410,-23.061790,-0.759126,0.279580,0.587846,0.337023,0.941413,-0.012515,-0.556905,0.188618,-0.808876),
CFrame.new(3.008011,-0.341448,-23.062073,-0.758927,0.280047,0.587881,0.337649,0.941190,-0.012462,-0.556797,0.189039,-0.808852),
CFrame.new(3.007584,-0.340240,-23.065346,-0.758728,0.280541,0.587902,0.338249,0.940974,-0.012491,-0.556705,0.189380,-0.808835),
CFrame.new(3.007141,-0.339035,-23.068611,-0.758581,0.281044,0.587852,0.338849,0.940758,-0.012503,-0.556540,0.189708,-0.808872),
CFrame.new(3.006714,-0.337831,-23.071877,-0.758381,0.281511,0.587887,0.339474,0.940533,-0.012451,-0.556432,0.190129,-0.808848),
CFrame.new(3.006271,-0.336618,-23.075150,-0.758151,0.282083,0.587908,0.340151,0.940287,-0.012507,-0.556331,0.190496,-0.808831),
CFrame.new(3.005829,-0.335413,-23.078423,-0.758003,0.282586,0.587858,0.340751,0.940070,-0.012520,-0.556166,0.190824,-0.808867),
CFrame.new(3.005402,-0.334209,-23.081688,-0.757802,0.283052,0.587893,0.341376,0.939844,-0.012467,-0.556057,0.191245,-0.808843),
CFrame.new(3.004959,-0.332998,-23.084961,-0.757653,0.283554,0.587843,0.341976,0.939626,-0.012480,-0.555891,0.191572,-0.808879),
CFrame.new(3.006699,-0.333038,-23.087341,-0.757479,0.283970,0.587866,0.342496,0.939436,-0.012481,-0.555807,0.191887,-0.808862),
CFrame.new(3.008423,-0.333076,-23.089722,-0.757306,0.284385,0.587888,0.343017,0.939246,-0.012483,-0.555722,0.192202,-0.808846),
CFrame.new(3.010162,-0.333109,-23.092094,-0.757185,0.284809,0.587839,0.343538,0.939056,-0.012468,-0.555565,0.192504,-0.808882),
CFrame.new(3.011871,-0.333149,-23.094482,-0.757011,0.285224,0.587862,0.344059,0.938865,-0.012470,-0.555480,0.192819,-0.808865),
CFrame.new(3.013626,-0.333185,-23.096870,-0.756837,0.285639,0.587885,0.344579,0.938675,-0.012471,-0.555395,0.193134,-0.808849),
CFrame.new(3.015350,-0.333225,-23.099243,-0.756662,0.286054,0.587908,0.345099,0.938483,-0.012473,-0.555309,0.193449,-0.808832),
CFrame.new(3.017090,-0.333258,-23.101624,-0.756511,0.286555,0.587858,0.345698,0.938263,-0.012486,-0.555143,0.193776,-0.808868),
CFrame.new(3.018814,-0.333296,-23.104019,-0.756336,0.286970,0.587881,0.346218,0.938071,-0.012487,-0.555057,0.194091,-0.808851),
CFrame.new(3.020554,-0.333332,-23.106392,-0.756161,0.287385,0.587904,0.346738,0.937879,-0.012489,-0.554971,0.194405,-0.808835),
CFrame.new(3.022278,-0.333366,-23.108780,-0.756038,0.287808,0.587855,0.347259,0.937686,-0.012474,-0.554814,0.194707,-0.808871),
CFrame.new(3.024002,-0.333406,-23.111153,-0.755862,0.288223,0.587878,0.347779,0.937494,-0.012476,-0.554727,0.195021,-0.808854),
CFrame.new(3.025742,-0.333443,-23.113556,-0.755686,0.288637,0.587901,0.348298,0.937301,-0.012477,-0.554641,0.195336,-0.808837),
CFrame.new(3.027481,-0.333475,-23.115936,-0.755562,0.289060,0.587852,0.348819,0.937107,-0.012463,-0.554483,0.195637,-0.808872),
CFrame.new(3.029205,-0.333515,-23.118309,-0.755385,0.289475,0.587875,0.349338,0.936914,-0.012465,-0.554397,0.195952,-0.808855),
CFrame.new(11.629913,0.447968,-34.198700,-0.808672,0.007313,0.588214,0.000002,0.999923,-0.012429,-0.588259,-0.010050,-0.808610),
CFrame.new(12.798920,1.083437,-31.563679,-0.808672,0.007349,0.588213,-0.000001,0.999922,-0.012495,-0.588259,-0.010105,-0.808609),
CFrame.new(12.406952,1.123520,-29.876297,-0.808672,0.007348,0.588213,-0.000001,0.999922,-0.012493,-0.588259,-0.010104,-0.808609),
CFrame.new(11.758881,0.547672,-27.920330,-0.808672,0.007334,0.588214,-0.000000,0.999922,-0.012468,-0.588259,-0.010082,-0.808610),
}

local player = game.Players.LocalPlayer
local character = player.Character or player.CharacterAdded:Wait()
local root = character:WaitForChild("HumanoidRootPart")
local camera = workspace.CurrentCamera
local RunService = game:GetService("RunService")

for _, cf in ipairs(frames) do
    camera.CFrame = root.CFrame:ToWorldSpace(cf)
    RunService.RenderStepped:Wait()
end
